#	X	Y	Z
1	0	0	0
2	1	0	0
3	2	0	0
4	3	0	0
5	4	0	0
6	5	0	0
7	6	0	0
8	7	0	0
9	8	0	0
10	9	0	0
11	10	0	0
12	11	0	0
13	12	0	0
14	13	0	0
15	14	0	0
16	15	0	0
17	16	0	0
18	17	0	0
19	18	0	0
20	19	0	0
21	20	0	0
22	21	0	0
23	22	0	0
24	23	0	0
25	24	0	0
26	25	0	0
27	26	0	0
28	27	0	0
29	28	0	0
30	29	0	0
31	30	0	0
32	31	0	0
33	32	0	0
34	33	0	0
35	34	0	0
36	35	0	0
37	36	0	0
38	37	0	0
39	38	0	0
40	39	0	0
41	40	0	0
42	41	0	0
43	42	0	0
44	43	0	0
45	44	0	0
46	45	0	0
47	46	0	0
48	47	0	0
49	48	0	0
50	49	0	0
51	50	0	0
52	51	0	0
53	52	0	0
54	53	0	0
55	54	0	0
56	55	0	0
57	56	0	0
58	57	0	0
59	58	0	0
60	59	0	0
61	60	0	0
62	61	0	0
63	62	0	0
64	63	0	0
65	64	0	0
66	65	0	0
67	66	0	0
68	67	0	0
69	68	0	0
70	69	0	0
71	70	0	0
72	71	0	0
#	A	B	M	N
1	1	2	3	4
2	1	2	4	5
3	1	2	5	6
4	1	2	6	7
5	1	2	7	8
6	1	2	8	9
7	1	2	9	10
8	1	2	10	11
9	1	2	11	12
10	1	2	12	13
11	2	3	4	5
12	2	3	5	6
13	2	3	6	7
14	2	3	7	8
15	2	3	8	9
16	2	3	9	10
17	2	3	10	11
18	2	3	11	12
19	2	3	12	13
20	2	3	13	14
21	3	4	5	6
22	3	4	6	7
23	3	4	7	8
24	3	4	8	9
25	3	4	9	10
26	3	4	10	11
27	3	4	11	12
28	3	4	12	13
29	3	4	13	14
30	3	4	14	15
31	4	5	6	7
32	4	5	7	8
33	4	5	8	9
34	4	5	9	10
35	4	5	10	11
36	4	5	11	12
37	4	5	12	13
38	4	5	13	14
39	4	5	14	15
40	4	5	15	16
41	5	6	7	8
42	5	6	8	9
43	5	6	9	10
44	5	6	10	11
45	5	6	11	12
46	5	6	12	13
47	5	6	13	14
48	5	6	14	15
49	5	6	15	16
50	5	6	16	17
51	6	7	8	9
52	6	7	9	10
53	6	7	10	11
54	6	7	11	12
55	6	7	12	13
56	6	7	13	14
57	6	7	14	15
58	6	7	15	16
59	6	7	16	17
60	6	7	17	18
61	7	8	9	10
62	7	8	10	11
63	7	8	11	12
64	7	8	12	13
65	7	8	13	14
66	7	8	14	15
67	7	8	15	16
68	7	8	16	17
69	7	8	17	18
70	7	8	18	19
71	8	9	10	11
72	8	9	11	12
73	8	9	12	13
74	8	9	13	14
75	8	9	14	15
76	8	9	15	16
77	8	9	16	17
78	8	9	17	18
79	8	9	18	19
80	8	9	19	20
81	9	10	11	12
82	9	10	12	13
83	9	10	13	14
84	9	10	14	15
85	9	10	15	16
86	9	10	16	17
87	9	10	17	18
88	9	10	18	19
89	9	10	19	20
90	9	10	20	21
91	10	11	12	13
92	10	11	13	14
93	10	11	14	15
94	10	11	15	16
95	10	11	16	17
96	10	11	17	18
97	10	11	18	19
98	10	11	19	20
99	10	11	20	21
100	10	11	21	22
101	11	12	13	14
102	11	12	14	15
103	11	12	15	16
104	11	12	16	17
105	11	12	17	18
106	11	12	18	19
107	11	12	19	20
108	11	12	20	21
109	11	12	21	22
110	11	12	22	23
111	12	13	14	15
112	12	13	15	16
113	12	13	16	17
114	12	13	17	18
115	12	13	18	19
116	12	13	19	20
117	12	13	20	21
118	12	13	21	22
119	12	13	22	23
120	12	13	23	24
121	13	14	15	16
122	13	14	16	17
123	13	14	17	18
124	13	14	18	19
125	13	14	19	20
126	13	14	20	21
127	13	14	21	22
128	13	14	22	23
129	13	14	23	24
130	13	14	24	25
131	14	15	16	17
132	14	15	17	18
133	14	15	18	19
134	14	15	19	20
135	14	15	20	21
136	14	15	21	22
137	14	15	22	23
138	14	15	23	24
139	14	15	24	25
140	14	15	25	26
141	15	16	17	18
142	15	16	18	19
143	15	16	19	20
144	15	16	20	21
145	15	16	21	22
146	15	16	22	23
147	15	16	23	24
148	15	16	24	25
149	15	16	25	26
150	15	16	26	27
151	16	17	18	19
152	16	17	19	20
153	16	17	20	21
154	16	17	21	22
155	16	17	22	23
156	16	17	23	24
157	16	17	24	25
158	16	17	25	26
159	16	17	26	27
160	16	17	27	28
161	17	18	19	20
162	17	18	20	21
163	17	18	21	22
164	17	18	22	23
165	17	18	23	24
166	17	18	24	25
167	17	18	25	26
168	17	18	26	27
169	17	18	27	28
170	17	18	28	29
171	18	19	20	21
172	18	19	21	22
173	18	19	22	23
174	18	19	23	24
175	18	19	24	25
176	18	19	25	26
177	18	19	26	27
178	18	19	27	28
179	18	19	28	29
180	18	19	29	30
181	19	20	21	22
182	19	20	22	23
183	19	20	23	24
184	19	20	24	25
185	19	20	25	26
186	19	20	26	27
187	19	20	27	28
188	19	20	28	29
189	19	20	29	30
190	19	20	30	31
191	20	21	22	23
192	20	21	23	24
193	20	21	24	25
194	20	21	25	26
195	20	21	26	27
196	20	21	27	28
197	20	21	28	29
198	20	21	29	30
199	20	21	30	31
200	20	21	31	32
201	21	22	23	24
202	21	22	24	25
203	21	22	25	26
204	21	22	26	27
205	21	22	27	28
206	21	22	28	29
207	21	22	29	30
208	21	22	30	31
209	21	22	31	32
210	21	22	32	33
211	22	23	24	25
212	22	23	25	26
213	22	23	26	27
214	22	23	27	28
215	22	23	28	29
216	22	23	29	30
217	22	23	30	31
218	22	23	31	32
219	22	23	32	33
220	22	23	33	34
221	23	24	25	26
222	23	24	26	27
223	23	24	27	28
224	23	24	28	29
225	23	24	29	30
226	23	24	30	31
227	23	24	31	32
228	23	24	32	33
229	23	24	33	34
230	23	24	34	35
231	24	25	26	27
232	24	25	27	28
233	24	25	28	29
234	24	25	29	30
235	24	25	30	31
236	24	25	31	32
237	24	25	32	33
238	24	25	33	34
239	24	25	34	35
240	24	25	35	36
241	25	26	27	28
242	25	26	28	29
243	25	26	29	30
244	25	26	30	31
245	25	26	31	32
246	25	26	32	33
247	25	26	33	34
248	25	26	34	35
249	25	26	35	36
250	25	26	36	37
251	26	27	28	29
252	26	27	29	30
253	26	27	30	31
254	26	27	31	32
255	26	27	32	33
256	26	27	33	34
257	26	27	34	35
258	26	27	35	36
259	26	27	36	37
260	26	27	37	38
261	27	28	29	30
262	27	28	30	31
263	27	28	31	32
264	27	28	32	33
265	27	28	33	34
266	27	28	34	35
267	27	28	35	36
268	27	28	36	37
269	27	28	37	38
270	27	28	38	39
271	28	29	30	31
272	28	29	31	32
273	28	29	32	33
274	28	29	33	34
275	28	29	34	35
276	28	29	35	36
277	28	29	36	37
278	28	29	37	38
279	28	29	38	39
280	28	29	39	40
281	29	30	31	32
282	29	30	32	33
283	29	30	33	34
284	29	30	34	35
285	29	30	35	36
286	29	30	36	37
287	29	30	37	38
288	29	30	38	39
289	29	30	39	40
290	29	30	40	41
291	30	31	32	33
292	30	31	33	34
293	30	31	34	35
294	30	31	35	36
295	30	31	36	37
296	30	31	37	38
297	30	31	38	39
298	30	31	39	40
299	30	31	40	41
300	30	31	41	42
301	31	32	33	34
302	31	32	34	35
303	31	32	35	36
304	31	32	36	37
305	31	32	37	38
306	31	32	38	39
307	31	32	39	40
308	31	32	40	41
309	31	32	41	42
310	31	32	42	43
311	32	33	34	35
312	32	33	35	36
313	32	33	36	37
314	32	33	37	38
315	32	33	38	39
316	32	33	39	40
317	32	33	40	41
318	32	33	41	42
319	32	33	42	43
320	32	33	43	44
321	33	34	35	36
322	33	34	36	37
323	33	34	37	38
324	33	34	38	39
325	33	34	39	40
326	33	34	40	41
327	33	34	41	42
328	33	34	42	43
329	33	34	43	44
330	33	34	44	45
331	34	35	36	37
332	34	35	37	38
333	34	35	38	39
334	34	35	39	40
335	34	35	40	41
336	34	35	41	42
337	34	35	42	43
338	34	35	43	44
339	34	35	44	45
340	34	35	45	46
341	35	36	37	38
342	35	36	38	39
343	35	36	39	40
344	35	36	40	41
345	35	36	41	42
346	35	36	42	43
347	35	36	43	44
348	35	36	44	45
349	35	36	45	46
350	35	36	46	47
351	36	37	38	39
352	36	37	39	40
353	36	37	40	41
354	36	37	41	42
355	36	37	42	43
356	36	37	43	44
357	36	37	44	45
358	36	37	45	46
359	36	37	46	47
360	36	37	47	48
361	37	38	39	40
362	37	38	40	41
363	37	38	41	42
364	37	38	42	43
365	37	38	43	44
366	37	38	44	45
367	37	38	45	46
368	37	38	46	47
369	37	38	47	48
370	37	38	48	49
371	38	39	40	41
372	38	39	41	42
373	38	39	42	43
374	38	39	43	44
375	38	39	44	45
376	38	39	45	46
377	38	39	46	47
378	38	39	47	48
379	38	39	48	49
380	38	39	49	50
381	39	40	41	42
382	39	40	42	43
383	39	40	43	44
384	39	40	44	45
385	39	40	45	46
386	39	40	46	47
387	39	40	47	48
388	39	40	48	49
389	39	40	49	50
390	39	40	50	51
391	40	41	42	43
392	40	41	43	44
393	40	41	44	45
394	40	41	45	46
395	40	41	46	47
396	40	41	47	48
397	40	41	48	49
398	40	41	49	50
399	40	41	50	51
400	40	41	51	52
401	41	42	43	44
402	41	42	44	45
403	41	42	45	46
404	41	42	46	47
405	41	42	47	48
406	41	42	48	49
407	41	42	49	50
408	41	42	50	51
409	41	42	51	52
410	41	42	52	53
411	42	43	44	45
412	42	43	45	46
413	42	43	46	47
414	42	43	47	48
415	42	43	48	49
416	42	43	49	50
417	42	43	50	51
418	42	43	51	52
419	42	43	52	53
420	42	43	53	54
421	43	44	45	46
422	43	44	46	47
423	43	44	47	48
424	43	44	48	49
425	43	44	49	50
426	43	44	50	51
427	43	44	51	52
428	43	44	52	53
429	43	44	53	54
430	43	44	54	55
431	44	45	46	47
432	44	45	47	48
433	44	45	48	49
434	44	45	49	50
435	44	45	50	51
436	44	45	51	52
437	44	45	52	53
438	44	45	53	54
439	44	45	54	55
440	44	45	55	56
441	45	46	47	48
442	45	46	48	49
443	45	46	49	50
444	45	46	50	51
445	45	46	51	52
446	45	46	52	53
447	45	46	53	54
448	45	46	54	55
449	45	46	55	56
450	45	46	56	57
451	46	47	48	49
452	46	47	49	50
453	46	47	50	51
454	46	47	51	52
455	46	47	52	53
456	46	47	53	54
457	46	47	54	55
458	46	47	55	56
459	46	47	56	57
460	46	47	57	58
461	47	48	49	50
462	47	48	50	51
463	47	48	51	52
464	47	48	52	53
465	47	48	53	54
466	47	48	54	55
467	47	48	55	56
468	47	48	56	57
469	47	48	57	58
470	47	48	58	59
471	48	49	50	51
472	48	49	51	52
473	48	49	52	53
474	48	49	53	54
475	48	49	54	55
476	48	49	55	56
477	48	49	56	57
478	48	49	57	58
479	48	49	58	59
480	48	49	59	60
481	49	50	51	52
482	49	50	52	53
483	49	50	53	54
484	49	50	54	55
485	49	50	55	56
486	49	50	56	57
487	49	50	57	58
488	49	50	58	59
489	49	50	59	60
490	49	50	60	61
491	50	51	52	53
492	50	51	53	54
493	50	51	54	55
494	50	51	55	56
495	50	51	56	57
496	50	51	57	58
497	50	51	58	59
498	50	51	59	60
499	50	51	60	61
500	50	51	61	62
501	51	52	53	54
502	51	52	54	55
503	51	52	55	56
504	51	52	56	57
505	51	52	57	58
506	51	52	58	59
507	51	52	59	60
508	51	52	60	61
509	51	52	61	62
510	51	52	62	63
511	52	53	54	55
512	52	53	55	56
513	52	53	56	57
514	52	53	57	58
515	52	53	58	59
516	52	53	59	60
517	52	53	60	61
518	52	53	61	62
519	52	53	62	63
520	52	53	63	64
521	53	54	55	56
522	53	54	56	57
523	53	54	57	58
524	53	54	58	59
525	53	54	59	60
526	53	54	60	61
527	53	54	61	62
528	53	54	62	63
529	53	54	63	64
530	53	54	64	65
531	54	55	56	57
532	54	55	57	58
533	54	55	58	59
534	54	55	59	60
535	54	55	60	61
536	54	55	61	62
537	54	55	62	63
538	54	55	63	64
539	54	55	64	65
540	54	55	65	66
541	55	56	57	58
542	55	56	58	59
543	55	56	59	60
544	55	56	60	61
545	55	56	61	62
546	55	56	62	63
547	55	56	63	64
548	55	56	64	65
549	55	56	65	66
550	55	56	66	67
551	56	57	58	59
552	56	57	59	60
553	56	57	60	61
554	56	57	61	62
555	56	57	62	63
556	56	57	63	64
557	56	57	64	65
558	56	57	65	66
559	56	57	66	67
560	56	57	67	68
561	57	58	59	60
562	57	58	60	61
563	57	58	61	62
564	57	58	62	63
565	57	58	63	64
566	57	58	64	65
567	57	58	65	66
568	57	58	66	67
569	57	58	67	68
570	57	58	68	69
571	58	59	60	61
572	58	59	61	62
573	58	59	62	63
574	58	59	63	64
575	58	59	64	65
576	58	59	65	66
577	58	59	66	67
578	58	59	67	68
579	58	59	68	69
580	58	59	69	70
581	59	60	61	62
582	59	60	62	63
583	59	60	63	64
584	59	60	64	65
585	59	60	65	66
586	59	60	66	67
587	59	60	67	68
588	59	60	68	69
589	59	60	69	70
590	59	60	70	71
591	60	61	62	63
592	60	61	63	64
593	60	61	64	65
594	60	61	65	66
595	60	61	66	67
596	60	61	67	68
597	60	61	68	69
598	60	61	69	70
599	60	61	70	71
600	60	61	71	72
601	61	62	63	64
602	61	62	64	65
603	61	62	65	66
604	61	62	66	67
605	61	62	67	68
606	61	62	68	69
607	61	62	69	70
608	61	62	70	71
609	61	62	71	72
610	62	63	64	65
611	62	63	65	66
612	62	63	66	67
613	62	63	67	68
614	62	63	68	69
615	62	63	69	70
616	62	63	70	71
617	62	63	71	72
618	63	64	65	66
619	63	64	66	67
620	63	64	67	68
621	63	64	68	69
622	63	64	69	70
623	63	64	70	71
624	63	64	71	72
625	1	3	5	7
626	1	3	7	9
627	1	3	9	11
628	1	3	11	13
629	1	3	13	15
630	1	3	15	17
631	1	3	17	19
632	1	3	19	21
633	1	3	21	23
634	1	3	23	25
635	2	4	6	8
636	2	4	8	10
637	2	4	10	12
638	2	4	12	14
639	2	4	14	16
640	2	4	16	18
641	2	4	18	20
642	2	4	20	22
643	2	4	22	24
644	2	4	24	26
645	3	5	7	9
646	3	5	9	11
647	3	5	11	13
648	3	5	13	15
649	3	5	15	17
650	3	5	17	19
651	3	5	19	21
652	3	5	21	23
653	3	5	23	25
654	3	5	25	27
655	4	6	8	10
656	4	6	10	12
657	4	6	12	14
658	4	6	14	16
659	4	6	16	18
660	4	6	18	20
661	4	6	20	22
662	4	6	22	24
663	4	6	24	26
664	4	6	26	28
665	5	7	9	11
666	5	7	11	13
667	5	7	13	15
668	5	7	15	17
669	5	7	17	19
670	5	7	19	21
671	5	7	21	23
672	5	7	23	25
673	5	7	25	27
674	5	7	27	29
675	6	8	10	12
676	6	8	12	14
677	6	8	14	16
678	6	8	16	18
679	6	8	18	20
680	6	8	20	22
681	6	8	22	24
682	6	8	24	26
683	6	8	26	28
684	6	8	28	30
685	7	9	11	13
686	7	9	13	15
687	7	9	15	17
688	7	9	17	19
689	7	9	19	21
690	7	9	21	23
691	7	9	23	25
692	7	9	25	27
693	7	9	27	29
694	7	9	29	31
695	8	10	12	14
696	8	10	14	16
697	8	10	16	18
698	8	10	18	20
699	8	10	20	22
700	8	10	22	24
701	8	10	24	26
702	8	10	26	28
703	8	10	28	30
704	8	10	30	32
705	9	11	13	15
706	9	11	15	17
707	9	11	17	19
708	9	11	19	21
709	9	11	21	23
710	9	11	23	25
711	9	11	25	27
712	9	11	27	29
713	9	11	29	31
714	9	11	31	33
715	10	12	14	16
716	10	12	16	18
717	10	12	18	20
718	10	12	20	22
719	10	12	22	24
720	10	12	24	26
721	10	12	26	28
722	10	12	28	30
723	10	12	30	32
724	10	12	32	34
725	11	13	15	17
726	11	13	17	19
727	11	13	19	21
728	11	13	21	23
729	11	13	23	25
730	11	13	25	27
731	11	13	27	29
732	11	13	29	31
733	11	13	31	33
734	11	13	33	35
735	12	14	16	18
736	12	14	18	20
737	12	14	20	22
738	12	14	22	24
739	12	14	24	26
740	12	14	26	28
741	12	14	28	30
742	12	14	30	32
743	12	14	32	34
744	12	14	34	36
745	13	15	17	19
746	13	15	19	21
747	13	15	21	23
748	13	15	23	25
749	13	15	25	27
750	13	15	27	29
751	13	15	29	31
752	13	15	31	33
753	13	15	33	35
754	13	15	35	37
755	14	16	18	20
756	14	16	20	22
757	14	16	22	24
758	14	16	24	26
759	14	16	26	28
760	14	16	28	30
761	14	16	30	32
762	14	16	32	34
763	14	16	34	36
764	14	16	36	38
765	15	17	19	21
766	15	17	21	23
767	15	17	23	25
768	15	17	25	27
769	15	17	27	29
770	15	17	29	31
771	15	17	31	33
772	15	17	33	35
773	15	17	35	37
774	15	17	37	39
775	16	18	20	22
776	16	18	22	24
777	16	18	24	26
778	16	18	26	28
779	16	18	28	30
780	16	18	30	32
781	16	18	32	34
782	16	18	34	36
783	16	18	36	38
784	16	18	38	40
785	17	19	21	23
786	17	19	23	25
787	17	19	25	27
788	17	19	27	29
789	17	19	29	31
790	17	19	31	33
791	17	19	33	35
792	17	19	35	37
793	17	19	37	39
794	17	19	39	41
795	18	20	22	24
796	18	20	24	26
797	18	20	26	28
798	18	20	28	30
799	18	20	30	32
800	18	20	32	34
801	18	20	34	36
802	18	20	36	38
803	18	20	38	40
804	18	20	40	42
805	19	21	23	25
806	19	21	25	27
807	19	21	27	29
808	19	21	29	31
809	19	21	31	33
810	19	21	33	35
811	19	21	35	37
812	19	21	37	39
813	19	21	39	41
814	19	21	41	43
815	20	22	24	26
816	20	22	26	28
817	20	22	28	30
818	20	22	30	32
819	20	22	32	34
820	20	22	34	36
821	20	22	36	38
822	20	22	38	40
823	20	22	40	42
824	20	22	42	44
825	21	23	25	27
826	21	23	27	29
827	21	23	29	31
828	21	23	31	33
829	21	23	33	35
830	21	23	35	37
831	21	23	37	39
832	21	23	39	41
833	21	23	41	43
834	21	23	43	45
835	22	24	26	28
836	22	24	28	30
837	22	24	30	32
838	22	24	32	34
839	22	24	34	36
840	22	24	36	38
841	22	24	38	40
842	22	24	40	42
843	22	24	42	44
844	22	24	44	46
845	23	25	27	29
846	23	25	29	31
847	23	25	31	33
848	23	25	33	35
849	23	25	35	37
850	23	25	37	39
851	23	25	39	41
852	23	25	41	43
853	23	25	43	45
854	23	25	45	47
855	24	26	28	30
856	24	26	30	32
857	24	26	32	34
858	24	26	34	36
859	24	26	36	38
860	24	26	38	40
861	24	26	40	42
862	24	26	42	44
863	24	26	44	46
864	24	26	46	48
865	25	27	29	31
866	25	27	31	33
867	25	27	33	35
868	25	27	35	37
869	25	27	37	39
870	25	27	39	41
871	25	27	41	43
872	25	27	43	45
873	25	27	45	47
874	25	27	47	49
875	26	28	30	32
876	26	28	32	34
877	26	28	34	36
878	26	28	36	38
879	26	28	38	40
880	26	28	40	42
881	26	28	42	44
882	26	28	44	46
883	26	28	46	48
884	26	28	48	50
885	27	29	31	33
886	27	29	33	35
887	27	29	35	37
888	27	29	37	39
889	27	29	39	41
890	27	29	41	43
891	27	29	43	45
892	27	29	45	47
893	27	29	47	49
894	27	29	49	51
895	28	30	32	34
896	28	30	34	36
897	28	30	36	38
898	28	30	38	40
899	28	30	40	42
900	28	30	42	44
901	28	30	44	46
902	28	30	46	48
903	28	30	48	50
904	28	30	50	52
905	29	31	33	35
906	29	31	35	37
907	29	31	37	39
908	29	31	39	41
909	29	31	41	43
910	29	31	43	45
911	29	31	45	47
912	29	31	47	49
913	29	31	49	51
914	29	31	51	53
915	30	32	34	36
916	30	32	36	38
917	30	32	38	40
918	30	32	40	42
919	30	32	42	44
920	30	32	44	46
921	30	32	46	48
922	30	32	48	50
923	30	32	50	52
924	30	32	52	54
925	31	33	35	37
926	31	33	37	39
927	31	33	39	41
928	31	33	41	43
929	31	33	43	45
930	31	33	45	47
931	31	33	47	49
932	31	33	49	51
933	31	33	51	53
934	31	33	53	55
935	32	34	36	38
936	32	34	38	40
937	32	34	40	42
938	32	34	42	44
939	32	34	44	46
940	32	34	46	48
941	32	34	48	50
942	32	34	50	52
943	32	34	52	54
944	32	34	54	56
945	33	35	37	39
946	33	35	39	41
947	33	35	41	43
948	33	35	43	45
949	33	35	45	47
950	33	35	47	49
951	33	35	49	51
952	33	35	51	53
953	33	35	53	55
954	33	35	55	57
955	34	36	38	40
956	34	36	40	42
957	34	36	42	44
958	34	36	44	46
959	34	36	46	48
960	34	36	48	50
961	34	36	50	52
962	34	36	52	54
963	34	36	54	56
964	34	36	56	58
965	35	37	39	41
966	35	37	41	43
967	35	37	43	45
968	35	37	45	47
969	35	37	47	49
970	35	37	49	51
971	35	37	51	53
972	35	37	53	55
973	35	37	55	57
974	35	37	57	59
975	36	38	40	42
976	36	38	42	44
977	36	38	44	46
978	36	38	46	48
979	36	38	48	50
980	36	38	50	52
981	36	38	52	54
982	36	38	54	56
983	36	38	56	58
984	36	38	58	60
985	37	39	41	43
986	37	39	43	45
987	37	39	45	47
988	37	39	47	49
989	37	39	49	51
990	37	39	51	53
991	37	39	53	55
992	37	39	55	57
993	37	39	57	59
994	37	39	59	61
995	38	40	42	44
996	38	40	44	46
997	38	40	46	48
998	38	40	48	50
999	38	40	50	52
1000	38	40	52	54
1001	38	40	54	56
1002	38	40	56	58
1003	38	40	58	60
1004	38	40	60	62
1005	39	41	43	45
1006	39	41	45	47
1007	39	41	47	49
1008	39	41	49	51
1009	39	41	51	53
1010	39	41	53	55
1011	39	41	55	57
1012	39	41	57	59
1013	39	41	59	61
1014	39	41	61	63
1015	40	42	44	46
1016	40	42	46	48
1017	40	42	48	50
1018	40	42	50	52
1019	40	42	52	54
1020	40	42	54	56
1021	40	42	56	58
1022	40	42	58	60
1023	40	42	60	62
1024	40	42	62	64
1025	41	43	45	47
1026	41	43	47	49
1027	41	43	49	51
1028	41	43	51	53
1029	41	43	53	55
1030	41	43	55	57
1031	41	43	57	59
1032	41	43	59	61
1033	41	43	61	63
1034	41	43	63	65
1035	42	44	46	48
1036	42	44	48	50
1037	42	44	50	52
1038	42	44	52	54
1039	42	44	54	56
1040	42	44	56	58
1041	42	44	58	60
1042	42	44	60	62
1043	42	44	62	64
1044	42	44	64	66
1045	43	45	47	49
1046	43	45	49	51
1047	43	45	51	53
1048	43	45	53	55
1049	43	45	55	57
1050	43	45	57	59
1051	43	45	59	61
1052	43	45	61	63
1053	43	45	63	65
1054	43	45	65	67
1055	44	46	48	50
1056	44	46	50	52
1057	44	46	52	54
1058	44	46	54	56
1059	44	46	56	58
1060	44	46	58	60
1061	44	46	60	62
1062	44	46	62	64
1063	44	46	64	66
1064	44	46	66	68
1065	45	47	49	51
1066	45	47	51	53
1067	45	47	53	55
1068	45	47	55	57
1069	45	47	57	59
1070	45	47	59	61
1071	45	47	61	63
1072	45	47	63	65
1073	45	47	65	67
1074	45	47	67	69
1075	46	48	50	52
1076	46	48	52	54
1077	46	48	54	56
1078	46	48	56	58
1079	46	48	58	60
1080	46	48	60	62
1081	46	48	62	64
1082	46	48	64	66
1083	46	48	66	68
1084	46	48	68	70
1085	47	49	51	53
1086	47	49	53	55
1087	47	49	55	57
1088	47	49	57	59
1089	47	49	59	61
1090	47	49	61	63
1091	47	49	63	65
1092	47	49	65	67
1093	47	49	67	69
1094	47	49	69	71
1095	48	50	52	54
1096	48	50	54	56
1097	48	50	56	58
1098	48	50	58	60
1099	48	50	60	62
1100	48	50	62	64
1101	48	50	64	66
1102	48	50	66	68
1103	48	50	68	70
1104	48	50	70	72
1105	49	51	53	55
1106	49	51	55	57
1107	49	51	57	59
1108	49	51	59	61
1109	49	51	61	63
1110	49	51	63	65
1111	49	51	65	67
1112	49	51	67	69
1113	49	51	69	71
1114	50	52	54	56
1115	50	52	56	58
1116	50	52	58	60
1117	50	52	60	62
1118	50	52	62	64
1119	50	52	64	66
1120	50	52	66	68
1121	50	52	68	70
1122	50	52	70	72
1123	51	53	55	57
1124	51	53	57	59
1125	51	53	59	61
1126	51	53	61	63
1127	51	53	63	65
1128	51	53	65	67
1129	51	53	67	69
1130	51	53	69	71
1131	52	54	56	58
1132	52	54	58	60
1133	52	54	60	62
1134	52	54	62	64
1135	52	54	64	66
1136	52	54	66	68
1137	52	54	68	70
1138	52	54	70	72
1139	53	55	57	59
1140	53	55	59	61
1141	53	55	61	63
1142	53	55	63	65
1143	53	55	65	67
1144	53	55	67	69
1145	53	55	69	71
1146	54	56	58	60
1147	54	56	60	62
1148	54	56	62	64
1149	54	56	64	66
1150	54	56	66	68
1151	54	56	68	70
1152	54	56	70	72
1153	1	4	7	10
1154	1	4	10	13
1155	1	4	13	16
1156	1	4	16	19
1157	1	4	19	22
1158	1	4	22	25
1159	1	4	25	28
1160	1	4	28	31
1161	1	4	31	34
1162	1	4	34	37
1163	2	5	8	11
1164	2	5	11	14
1165	2	5	14	17
1166	2	5	17	20
1167	2	5	20	23
1168	2	5	23	26
1169	2	5	26	29
1170	2	5	29	32
1171	2	5	32	35
1172	2	5	35	38
1173	3	6	9	12
1174	3	6	12	15
1175	3	6	15	18
1176	3	6	18	21
1177	3	6	21	24
1178	3	6	24	27
1179	3	6	27	30
1180	3	6	30	33
1181	3	6	33	36
1182	3	6	36	39
1183	4	7	10	13
1184	4	7	13	16
1185	4	7	16	19
1186	4	7	19	22
1187	4	7	22	25
1188	4	7	25	28
1189	4	7	28	31
1190	4	7	31	34
1191	4	7	34	37
1192	4	7	37	40
1193	5	8	11	14
1194	5	8	14	17
1195	5	8	17	20
1196	5	8	20	23
1197	5	8	23	26
1198	5	8	26	29
1199	5	8	29	32
1200	5	8	32	35
1201	5	8	35	38
1202	5	8	38	41
1203	6	9	12	15
1204	6	9	15	18
1205	6	9	18	21
1206	6	9	21	24
1207	6	9	24	27
1208	6	9	27	30
1209	6	9	30	33
1210	6	9	33	36
1211	6	9	36	39
1212	6	9	39	42
1213	7	10	13	16
1214	7	10	16	19
1215	7	10	19	22
1216	7	10	22	25
1217	7	10	25	28
1218	7	10	28	31
1219	7	10	31	34
1220	7	10	34	37
1221	7	10	37	40
1222	7	10	40	43
1223	8	11	14	17
1224	8	11	17	20
1225	8	11	20	23
1226	8	11	23	26
1227	8	11	26	29
1228	8	11	29	32
1229	8	11	32	35
1230	8	11	35	38
1231	8	11	38	41
1232	8	11	41	44
1233	9	12	15	18
1234	9	12	18	21
1235	9	12	21	24
1236	9	12	24	27
1237	9	12	27	30
1238	9	12	30	33
1239	9	12	33	36
1240	9	12	36	39
1241	9	12	39	42
1242	9	12	42	45
1243	10	13	16	19
1244	10	13	19	22
1245	10	13	22	25
1246	10	13	25	28
1247	10	13	28	31
1248	10	13	31	34
1249	10	13	34	37
1250	10	13	37	40
1251	10	13	40	43
1252	10	13	43	46
1253	11	14	17	20
1254	11	14	20	23
1255	11	14	23	26
1256	11	14	26	29
1257	11	14	29	32
1258	11	14	32	35
1259	11	14	35	38
1260	11	14	38	41
1261	11	14	41	44
1262	11	14	44	47
1263	12	15	18	21
1264	12	15	21	24
1265	12	15	24	27
1266	12	15	27	30
1267	12	15	30	33
1268	12	15	33	36
1269	12	15	36	39
1270	12	15	39	42
1271	12	15	42	45
1272	12	15	45	48
1273	13	16	19	22
1274	13	16	22	25
1275	13	16	25	28
1276	13	16	28	31
1277	13	16	31	34
1278	13	16	34	37
1279	13	16	37	40
1280	13	16	40	43
1281	13	16	43	46
1282	13	16	46	49
1283	14	17	20	23
1284	14	17	23	26
1285	14	17	26	29
1286	14	17	29	32
1287	14	17	32	35
1288	14	17	35	38
1289	14	17	38	41
1290	14	17	41	44
1291	14	17	44	47
1292	14	17	47	50
1293	15	18	21	24
1294	15	18	24	27
1295	15	18	27	30
1296	15	18	30	33
1297	15	18	33	36
1298	15	18	36	39
1299	15	18	39	42
1300	15	18	42	45
1301	15	18	45	48
1302	15	18	48	51
1303	16	19	22	25
1304	16	19	25	28
1305	16	19	28	31
1306	16	19	31	34
1307	16	19	34	37
1308	16	19	37	40
1309	16	19	40	43
1310	16	19	43	46
1311	16	19	46	49
1312	16	19	49	52
1313	17	20	23	26
1314	17	20	26	29
1315	17	20	29	32
1316	17	20	32	35
1317	17	20	35	38
1318	17	20	38	41
1319	17	20	41	44
1320	17	20	44	47
1321	17	20	47	50
1322	17	20	50	53
1323	18	21	24	27
1324	18	21	27	30
1325	18	21	30	33
1326	18	21	33	36
1327	18	21	36	39
1328	18	21	39	42
1329	18	21	42	45
1330	18	21	45	48
1331	18	21	48	51
1332	18	21	51	54
1333	19	22	25	28
1334	19	22	28	31
1335	19	22	31	34
1336	19	22	34	37
1337	19	22	37	40
1338	19	22	40	43
1339	19	22	43	46
1340	19	22	46	49
1341	19	22	49	52
1342	19	22	52	55
1343	20	23	26	29
1344	20	23	29	32
1345	20	23	32	35
1346	20	23	35	38
1347	20	23	38	41
1348	20	23	41	44
1349	20	23	44	47
1350	20	23	47	50
1351	20	23	50	53
1352	20	23	53	56
1353	21	24	27	30
1354	21	24	30	33
1355	21	24	33	36
1356	21	24	36	39
1357	21	24	39	42
1358	21	24	42	45
1359	21	24	45	48
1360	21	24	48	51
1361	21	24	51	54
1362	21	24	54	57
1363	22	25	28	31
1364	22	25	31	34
1365	22	25	34	37
1366	22	25	37	40
1367	22	25	40	43
1368	22	25	43	46
1369	22	25	46	49
1370	22	25	49	52
1371	22	25	52	55
1372	22	25	55	58
1373	23	26	29	32
1374	23	26	32	35
1375	23	26	35	38
1376	23	26	38	41
1377	23	26	41	44
1378	23	26	44	47
1379	23	26	47	50
1380	23	26	50	53
1381	23	26	53	56
1382	23	26	56	59
1383	24	27	30	33
1384	24	27	33	36
1385	24	27	36	39
1386	24	27	39	42
1387	24	27	42	45
1388	24	27	45	48
1389	24	27	48	51
1390	24	27	51	54
1391	24	27	54	57
1392	24	27	57	60
1393	25	28	31	34
1394	25	28	34	37
1395	25	28	37	40
1396	25	28	40	43
1397	25	28	43	46
1398	25	28	46	49
1399	25	28	49	52
1400	25	28	52	55
1401	25	28	55	58
1402	25	28	58	61
1403	26	29	32	35
1404	26	29	35	38
1405	26	29	38	41
1406	26	29	41	44
1407	26	29	44	47
1408	26	29	47	50
1409	26	29	50	53
1410	26	29	53	56
1411	26	29	56	59
1412	26	29	59	62
1413	27	30	33	36
1414	27	30	36	39
1415	27	30	39	42
1416	27	30	42	45
1417	27	30	45	48
1418	27	30	48	51
1419	27	30	51	54
1420	27	30	54	57
1421	27	30	57	60
1422	27	30	60	63
1423	28	31	34	37
1424	28	31	37	40
1425	28	31	40	43
1426	28	31	43	46
1427	28	31	46	49
1428	28	31	49	52
1429	28	31	52	55
1430	28	31	55	58
1431	28	31	58	61
1432	28	31	61	64
1433	29	32	35	38
1434	29	32	38	41
1435	29	32	41	44
1436	29	32	44	47
1437	29	32	47	50
1438	29	32	50	53
1439	29	32	53	56
1440	29	32	56	59
1441	29	32	59	62
1442	29	32	62	65
1443	30	33	36	39
1444	30	33	39	42
1445	30	33	42	45
1446	30	33	45	48
1447	30	33	48	51
1448	30	33	51	54
1449	30	33	54	57
1450	30	33	57	60
1451	30	33	60	63
1452	30	33	63	66
1453	31	34	37	40
1454	31	34	40	43
1455	31	34	43	46
1456	31	34	46	49
1457	31	34	49	52
1458	31	34	52	55
1459	31	34	55	58
1460	31	34	58	61
1461	31	34	61	64
1462	31	34	64	67
1463	32	35	38	41
1464	32	35	41	44
1465	32	35	44	47
1466	32	35	47	50
1467	32	35	50	53
1468	32	35	53	56
1469	32	35	56	59
1470	32	35	59	62
1471	32	35	62	65
1472	32	35	65	68
1473	33	36	39	42
1474	33	36	42	45
1475	33	36	45	48
1476	33	36	48	51
1477	33	36	51	54
1478	33	36	54	57
1479	33	36	57	60
1480	33	36	60	63
1481	33	36	63	66
1482	33	36	66	69
1483	34	37	40	43
1484	34	37	43	46
1485	34	37	46	49
1486	34	37	49	52
1487	34	37	52	55
1488	34	37	55	58
1489	34	37	58	61
1490	34	37	61	64
1491	34	37	64	67
1492	34	37	67	70
1493	35	38	41	44
1494	35	38	44	47
1495	35	38	47	50
1496	35	38	50	53
1497	35	38	53	56
1498	35	38	56	59
1499	35	38	59	62
1500	35	38	62	65
1501	35	38	65	68
1502	35	38	68	71
1503	36	39	42	45
1504	36	39	45	48
1505	36	39	48	51
1506	36	39	51	54
1507	36	39	54	57
1508	36	39	57	60
1509	36	39	60	63
1510	36	39	63	66
1511	36	39	66	69
1512	36	39	69	72
1513	37	40	43	46
1514	37	40	46	49
1515	37	40	49	52
1516	37	40	52	55
1517	37	40	55	58
1518	37	40	58	61
1519	37	40	61	64
1520	37	40	64	67
1521	37	40	67	70
1522	38	41	44	47
1523	38	41	47	50
1524	38	41	50	53
1525	38	41	53	56
1526	38	41	56	59
1527	38	41	59	62
1528	38	41	62	65
1529	38	41	65	68
1530	38	41	68	71
1531	39	42	45	48
1532	39	42	48	51
1533	39	42	51	54
1534	39	42	54	57
1535	39	42	57	60
1536	39	42	60	63
1537	39	42	63	66
1538	39	42	66	69
1539	39	42	69	72
1540	40	43	46	49
1541	40	43	49	52
1542	40	43	52	55
1543	40	43	55	58
1544	40	43	58	61
1545	40	43	61	64
1546	40	43	64	67
1547	40	43	67	70
1548	41	44	47	50
1549	41	44	50	53
1550	41	44	53	56
1551	41	44	56	59
1552	41	44	59	62
1553	41	44	62	65
1554	41	44	65	68
1555	41	44	68	71
1556	42	45	48	51
1557	42	45	51	54
1558	42	45	54	57
1559	42	45	57	60
1560	42	45	60	63
1561	42	45	63	66
1562	42	45	66	69
1563	42	45	69	72
1564	43	46	49	52
1565	43	46	52	55
1566	43	46	55	58
1567	43	46	58	61
1568	43	46	61	64
1569	43	46	64	67
1570	43	46	67	70
1571	44	47	50	53
1572	44	47	53	56
1573	44	47	56	59
1574	44	47	59	62
1575	44	47	62	65
1576	44	47	65	68
1577	44	47	68	71
1578	45	48	51	54
1579	45	48	54	57
1580	45	48	57	60
1581	45	48	60	63
1582	45	48	63	66
1583	45	48	66	69
1584	45	48	69	72
1585	1	5	9	13
1586	1	5	13	17
1587	1	5	17	21
1588	1	5	21	25
1589	1	5	25	29
1590	1	5	29	33
1591	1	5	33	37
1592	1	5	37	41
1593	1	5	41	45
1594	1	5	45	49
1595	2	6	10	14
1596	2	6	14	18
1597	2	6	18	22
1598	2	6	22	26
1599	2	6	26	30
1600	2	6	30	34
1601	2	6	34	38
1602	2	6	38	42
1603	2	6	42	46
1604	2	6	46	50
1605	3	7	11	15
1606	3	7	15	19
1607	3	7	19	23
1608	3	7	23	27
1609	3	7	27	31
1610	3	7	31	35
1611	3	7	35	39
1612	3	7	39	43
1613	3	7	43	47
1614	3	7	47	51
1615	4	8	12	16
1616	4	8	16	20
1617	4	8	20	24
1618	4	8	24	28
1619	4	8	28	32
1620	4	8	32	36
1621	4	8	36	40
1622	4	8	40	44
1623	4	8	44	48
1624	4	8	48	52
1625	5	9	13	17
1626	5	9	17	21
1627	5	9	21	25
1628	5	9	25	29
1629	5	9	29	33
1630	5	9	33	37
1631	5	9	37	41
1632	5	9	41	45
1633	5	9	45	49
1634	5	9	49	53
1635	6	10	14	18
1636	6	10	18	22
1637	6	10	22	26
1638	6	10	26	30
1639	6	10	30	34
1640	6	10	34	38
1641	6	10	38	42
1642	6	10	42	46
1643	6	10	46	50
1644	6	10	50	54
1645	7	11	15	19
1646	7	11	19	23
1647	7	11	23	27
1648	7	11	27	31
1649	7	11	31	35
1650	7	11	35	39
1651	7	11	39	43
1652	7	11	43	47
1653	7	11	47	51
1654	7	11	51	55
1655	8	12	16	20
1656	8	12	20	24
1657	8	12	24	28
1658	8	12	28	32
1659	8	12	32	36
1660	8	12	36	40
1661	8	12	40	44
1662	8	12	44	48
1663	8	12	48	52
1664	8	12	52	56
1665	9	13	17	21
1666	9	13	21	25
1667	9	13	25	29
1668	9	13	29	33
1669	9	13	33	37
1670	9	13	37	41
1671	9	13	41	45
1672	9	13	45	49
1673	9	13	49	53
1674	9	13	53	57
1675	10	14	18	22
1676	10	14	22	26
1677	10	14	26	30
1678	10	14	30	34
1679	10	14	34	38
1680	10	14	38	42
1681	10	14	42	46
1682	10	14	46	50
1683	10	14	50	54
1684	10	14	54	58
1685	11	15	19	23
1686	11	15	23	27
1687	11	15	27	31
1688	11	15	31	35
1689	11	15	35	39
1690	11	15	39	43
1691	11	15	43	47
1692	11	15	47	51
1693	11	15	51	55
1694	11	15	55	59
1695	12	16	20	24
1696	12	16	24	28
1697	12	16	28	32
1698	12	16	32	36
1699	12	16	36	40
1700	12	16	40	44
1701	12	16	44	48
1702	12	16	48	52
1703	12	16	52	56
1704	12	16	56	60
1705	13	17	21	25
1706	13	17	25	29
1707	13	17	29	33
1708	13	17	33	37
1709	13	17	37	41
1710	13	17	41	45
1711	13	17	45	49
1712	13	17	49	53
1713	13	17	53	57
1714	13	17	57	61
1715	14	18	22	26
1716	14	18	26	30
1717	14	18	30	34
1718	14	18	34	38
1719	14	18	38	42
1720	14	18	42	46
1721	14	18	46	50
1722	14	18	50	54
1723	14	18	54	58
1724	14	18	58	62
1725	15	19	23	27
1726	15	19	27	31
1727	15	19	31	35
1728	15	19	35	39
1729	15	19	39	43
1730	15	19	43	47
1731	15	19	47	51
1732	15	19	51	55
1733	15	19	55	59
1734	15	19	59	63
1735	16	20	24	28
1736	16	20	28	32
1737	16	20	32	36
1738	16	20	36	40
1739	16	20	40	44
1740	16	20	44	48
1741	16	20	48	52
1742	16	20	52	56
1743	16	20	56	60
1744	16	20	60	64
1745	17	21	25	29
1746	17	21	29	33
1747	17	21	33	37
1748	17	21	37	41
1749	17	21	41	45
1750	17	21	45	49
1751	17	21	49	53
1752	17	21	53	57
1753	17	21	57	61
1754	17	21	61	65
1755	18	22	26	30
1756	18	22	30	34
1757	18	22	34	38
1758	18	22	38	42
1759	18	22	42	46
1760	18	22	46	50
1761	18	22	50	54
1762	18	22	54	58
1763	18	22	58	62
1764	18	22	62	66
1765	19	23	27	31
1766	19	23	31	35
1767	19	23	35	39
1768	19	23	39	43
1769	19	23	43	47
1770	19	23	47	51
1771	19	23	51	55
1772	19	23	55	59
1773	19	23	59	63
1774	19	23	63	67
1775	20	24	28	32
1776	20	24	32	36
1777	20	24	36	40
1778	20	24	40	44
1779	20	24	44	48
1780	20	24	48	52
1781	20	24	52	56
1782	20	24	56	60
1783	20	24	60	64
1784	20	24	64	68
1785	21	25	29	33
1786	21	25	33	37
1787	21	25	37	41
1788	21	25	41	45
1789	21	25	45	49
1790	21	25	49	53
1791	21	25	53	57
1792	21	25	57	61
1793	21	25	61	65
1794	21	25	65	69
1795	22	26	30	34
1796	22	26	34	38
1797	22	26	38	42
1798	22	26	42	46
1799	22	26	46	50
1800	22	26	50	54
1801	22	26	54	58
1802	22	26	58	62
1803	22	26	62	66
1804	22	26	66	70
1805	23	27	31	35
1806	23	27	35	39
1807	23	27	39	43
1808	23	27	43	47
1809	23	27	47	51
1810	23	27	51	55
1811	23	27	55	59
1812	23	27	59	63
1813	23	27	63	67
1814	23	27	67	71
1815	24	28	32	36
1816	24	28	36	40
1817	24	28	40	44
1818	24	28	44	48
1819	24	28	48	52
1820	24	28	52	56
1821	24	28	56	60
1822	24	28	60	64
1823	24	28	64	68
1824	24	28	68	72
1825	25	29	33	37
1826	25	29	37	41
1827	25	29	41	45
1828	25	29	45	49
1829	25	29	49	53
1830	25	29	53	57
1831	25	29	57	61
1832	25	29	61	65
1833	25	29	65	69
1834	26	30	34	38
1835	26	30	38	42
1836	26	30	42	46
1837	26	30	46	50
1838	26	30	50	54
1839	26	30	54	58
1840	26	30	58	62
1841	26	30	62	66
1842	26	30	66	70
1843	27	31	35	39
1844	27	31	39	43
1845	27	31	43	47
1846	27	31	47	51
1847	27	31	51	55
1848	27	31	55	59
1849	27	31	59	63
1850	27	31	63	67
1851	27	31	67	71
1852	28	32	36	40
1853	28	32	40	44
1854	28	32	44	48
1855	28	32	48	52
1856	28	32	52	56
1857	28	32	56	60
1858	28	32	60	64
1859	28	32	64	68
1860	28	32	68	72
1861	29	33	37	41
1862	29	33	41	45
1863	29	33	45	49
1864	29	33	49	53
1865	29	33	53	57
1866	29	33	57	61
1867	29	33	61	65
1868	29	33	65	69
1869	30	34	38	42
1870	30	34	42	46
1871	30	34	46	50
1872	30	34	50	54
1873	30	34	54	58
1874	30	34	58	62
1875	30	34	62	66
1876	30	34	66	70
1877	31	35	39	43
1878	31	35	43	47
1879	31	35	47	51
1880	31	35	51	55
1881	31	35	55	59
1882	31	35	59	63
1883	31	35	63	67
1884	31	35	67	71
1885	32	36	40	44
1886	32	36	44	48
1887	32	36	48	52
1888	32	36	52	56
1889	32	36	56	60
1890	32	36	60	64
1891	32	36	64	68
1892	32	36	68	72
1893	33	37	41	45
1894	33	37	45	49
1895	33	37	49	53
1896	33	37	53	57
1897	33	37	57	61
1898	33	37	61	65
1899	33	37	65	69
1900	34	38	42	46
1901	34	38	46	50
1902	34	38	50	54
1903	34	38	54	58
1904	34	38	58	62
1905	34	38	62	66
1906	34	38	66	70
1907	35	39	43	47
1908	35	39	47	51
1909	35	39	51	55
1910	35	39	55	59
1911	35	39	59	63
1912	35	39	63	67
1913	35	39	67	71
1914	36	40	44	48
1915	36	40	48	52
1916	36	40	52	56
1917	36	40	56	60
1918	36	40	60	64
1919	36	40	64	68
1920	36	40	68	72
1921	1	6	11	16
1922	1	6	16	21
1923	1	6	21	26
1924	1	6	26	31
1925	1	6	31	36
1926	1	6	36	41
1927	1	6	41	46
1928	1	6	46	51
1929	1	6	51	56
1930	1	6	56	61
1931	2	7	12	17
1932	2	7	17	22
1933	2	7	22	27
1934	2	7	27	32
1935	2	7	32	37
1936	2	7	37	42
1937	2	7	42	47
1938	2	7	47	52
1939	2	7	52	57
1940	2	7	57	62
1941	3	8	13	18
1942	3	8	18	23
1943	3	8	23	28
1944	3	8	28	33
1945	3	8	33	38
1946	3	8	38	43
1947	3	8	43	48
1948	3	8	48	53
1949	3	8	53	58
1950	3	8	58	63
1951	4	9	14	19
1952	4	9	19	24
1953	4	9	24	29
1954	4	9	29	34
1955	4	9	34	39
1956	4	9	39	44
1957	4	9	44	49
1958	4	9	49	54
1959	4	9	54	59
1960	4	9	59	64
1961	5	10	15	20
1962	5	10	20	25
1963	5	10	25	30
1964	5	10	30	35
1965	5	10	35	40
1966	5	10	40	45
1967	5	10	45	50
1968	5	10	50	55
1969	5	10	55	60
1970	5	10	60	65
1971	6	11	16	21
1972	6	11	21	26
1973	6	11	26	31
1974	6	11	31	36
1975	6	11	36	41
1976	6	11	41	46
1977	6	11	46	51
1978	6	11	51	56
1979	6	11	56	61
1980	6	11	61	66
1981	7	12	17	22
1982	7	12	22	27
1983	7	12	27	32
1984	7	12	32	37
1985	7	12	37	42
1986	7	12	42	47
1987	7	12	47	52
1988	7	12	52	57
1989	7	12	57	62
1990	7	12	62	67
1991	8	13	18	23
1992	8	13	23	28
1993	8	13	28	33
1994	8	13	33	38
1995	8	13	38	43
1996	8	13	43	48
1997	8	13	48	53
1998	8	13	53	58
1999	8	13	58	63
2000	8	13	63	68
2001	9	14	19	24
2002	9	14	24	29
2003	9	14	29	34
2004	9	14	34	39
2005	9	14	39	44
2006	9	14	44	49
2007	9	14	49	54
2008	9	14	54	59
2009	9	14	59	64
2010	9	14	64	69
2011	10	15	20	25
2012	10	15	25	30
2013	10	15	30	35
2014	10	15	35	40
2015	10	15	40	45
2016	10	15	45	50
2017	10	15	50	55
2018	10	15	55	60
2019	10	15	60	65
2020	10	15	65	70
2021	11	16	21	26
2022	11	16	26	31
2023	11	16	31	36
2024	11	16	36	41
2025	11	16	41	46
2026	11	16	46	51
2027	11	16	51	56
2028	11	16	56	61
2029	11	16	61	66
2030	11	16	66	71
2031	12	17	22	27
2032	12	17	27	32
2033	12	17	32	37
2034	12	17	37	42
2035	12	17	42	47
2036	12	17	47	52
2037	12	17	52	57
2038	12	17	57	62
2039	12	17	62	67
2040	12	17	67	72
2041	13	18	23	28
2042	13	18	28	33
2043	13	18	33	38
2044	13	18	38	43
2045	13	18	43	48
2046	13	18	48	53
2047	13	18	53	58
2048	13	18	58	63
2049	13	18	63	68
2050	14	19	24	29
2051	14	19	29	34
2052	14	19	34	39
2053	14	19	39	44
2054	14	19	44	49
2055	14	19	49	54
2056	14	19	54	59
2057	14	19	59	64
2058	14	19	64	69
2059	15	20	25	30
2060	15	20	30	35
2061	15	20	35	40
2062	15	20	40	45
2063	15	20	45	50
2064	15	20	50	55
2065	15	20	55	60
2066	15	20	60	65
2067	15	20	65	70
2068	16	21	26	31
2069	16	21	31	36
2070	16	21	36	41
2071	16	21	41	46
2072	16	21	46	51
2073	16	21	51	56
2074	16	21	56	61
2075	16	21	61	66
2076	16	21	66	71
2077	17	22	27	32
2078	17	22	32	37
2079	17	22	37	42
2080	17	22	42	47
2081	17	22	47	52
2082	17	22	52	57
2083	17	22	57	62
2084	17	22	62	67
2085	17	22	67	72
2086	18	23	28	33
2087	18	23	33	38
2088	18	23	38	43
2089	18	23	43	48
2090	18	23	48	53
2091	18	23	53	58
2092	18	23	58	63
2093	18	23	63	68
2094	19	24	29	34
2095	19	24	34	39
2096	19	24	39	44
2097	19	24	44	49
2098	19	24	49	54
2099	19	24	54	59
2100	19	24	59	64
2101	19	24	64	69
2102	20	25	30	35
2103	20	25	35	40
2104	20	25	40	45
2105	20	25	45	50
2106	20	25	50	55
2107	20	25	55	60
2108	20	25	60	65
2109	20	25	65	70
2110	21	26	31	36
2111	21	26	36	41
2112	21	26	41	46
2113	21	26	46	51
2114	21	26	51	56
2115	21	26	56	61
2116	21	26	61	66
2117	21	26	66	71
2118	22	27	32	37
2119	22	27	37	42
2120	22	27	42	47
2121	22	27	47	52
2122	22	27	52	57
2123	22	27	57	62
2124	22	27	62	67
2125	22	27	67	72
2126	23	28	33	38
2127	23	28	38	43
2128	23	28	43	48
2129	23	28	48	53
2130	23	28	53	58
2131	23	28	58	63
2132	23	28	63	68
2133	24	29	34	39
2134	24	29	39	44
2135	24	29	44	49
2136	24	29	49	54
2137	24	29	54	59
2138	24	29	59	64
2139	24	29	64	69
2140	25	30	35	40
2141	25	30	40	45
2142	25	30	45	50
2143	25	30	50	55
2144	25	30	55	60
2145	25	30	60	65
2146	25	30	65	70
2147	26	31	36	41
2148	26	31	41	46
2149	26	31	46	51
2150	26	31	51	56
2151	26	31	56	61
2152	26	31	61	66
2153	26	31	66	71
2154	27	32	37	42
2155	27	32	42	47
2156	27	32	47	52
2157	27	32	52	57
2158	27	32	57	62
2159	27	32	62	67
2160	27	32	67	72
2161	1	7	13	19
2162	1	7	19	25
2163	1	7	25	31
2164	1	7	31	37
2165	1	7	37	43
2166	1	7	43	49
2167	1	7	49	55
2168	1	7	55	61
2169	1	7	61	67
2170	2	8	14	20
2171	2	8	20	26
2172	2	8	26	32
2173	2	8	32	38
2174	2	8	38	44
2175	2	8	44	50
2176	2	8	50	56
2177	2	8	56	62
2178	2	8	62	68
2179	3	9	15	21
2180	3	9	21	27
2181	3	9	27	33
2182	3	9	33	39
2183	3	9	39	45
2184	3	9	45	51
2185	3	9	51	57
2186	3	9	57	63
2187	3	9	63	69
2188	4	10	16	22
2189	4	10	22	28
2190	4	10	28	34
2191	4	10	34	40
2192	4	10	40	46
2193	4	10	46	52
2194	4	10	52	58
2195	4	10	58	64
2196	4	10	64	70
2197	5	11	17	23
2198	5	11	23	29
2199	5	11	29	35
2200	5	11	35	41
2201	5	11	41	47
2202	5	11	47	53
2203	5	11	53	59
2204	5	11	59	65
2205	5	11	65	71
2206	6	12	18	24
2207	6	12	24	30
2208	6	12	30	36
2209	6	12	36	42
2210	6	12	42	48
2211	6	12	48	54
2212	6	12	54	60
2213	6	12	60	66
2214	6	12	66	72
2215	7	13	19	25
2216	7	13	25	31
2217	7	13	31	37
2218	7	13	37	43
2219	7	13	43	49
2220	7	13	49	55
2221	7	13	55	61
2222	7	13	61	67
2223	8	14	20	26
2224	8	14	26	32
2225	8	14	32	38
2226	8	14	38	44
2227	8	14	44	50
2228	8	14	50	56
2229	8	14	56	62
2230	8	14	62	68
2231	9	15	21	27
2232	9	15	27	33
2233	9	15	33	39
2234	9	15	39	45
2235	9	15	45	51
2236	9	15	51	57
2237	9	15	57	63
2238	9	15	63	69
2239	10	16	22	28
2240	10	16	28	34
2241	10	16	34	40
2242	10	16	40	46
2243	10	16	46	52
2244	10	16	52	58
2245	10	16	58	64
2246	10	16	64	70
2247	11	17	23	29
2248	11	17	29	35
2249	11	17	35	41
2250	11	17	41	47
2251	11	17	47	53
2252	11	17	53	59
2253	11	17	59	65
2254	11	17	65	71
2255	12	18	24	30
2256	12	18	30	36
2257	12	18	36	42
2258	12	18	42	48
2259	12	18	48	54
2260	12	18	54	60
2261	12	18	60	66
2262	12	18	66	72
2263	13	19	25	31
2264	13	19	31	37
2265	13	19	37	43
2266	13	19	43	49
2267	13	19	49	55
2268	13	19	55	61
2269	13	19	61	67
2270	14	20	26	32
2271	14	20	32	38
2272	14	20	38	44
2273	14	20	44	50
2274	14	20	50	56
2275	14	20	56	62
2276	14	20	62	68
2277	15	21	27	33
2278	15	21	33	39
2279	15	21	39	45
2280	15	21	45	51
2281	15	21	51	57
2282	15	21	57	63
2283	15	21	63	69
2284	16	22	28	34
2285	16	22	34	40
2286	16	22	40	46
2287	16	22	46	52
2288	16	22	52	58
2289	16	22	58	64
2290	16	22	64	70
2291	17	23	29	35
2292	17	23	35	41
2293	17	23	41	47
2294	17	23	47	53
2295	17	23	53	59
2296	17	23	59	65
2297	17	23	65	71
2298	18	24	30	36
2299	18	24	36	42
2300	18	24	42	48
2301	18	24	48	54
2302	18	24	54	60
2303	18	24	60	66
2304	18	24	66	72
2305	1	8	15	22
2306	1	8	22	29
2307	1	8	29	36
2308	1	8	36	43
2309	1	8	43	50
2310	1	8	50	57
2311	1	8	57	64
2312	1	8	64	71
2313	2	9	16	23
2314	2	9	23	30
2315	2	9	30	37
2316	2	9	37	44
2317	2	9	44	51
2318	2	9	51	58
2319	2	9	58	65
2320	2	9	65	72
2321	3	10	17	24
2322	3	10	24	31
2323	3	10	31	38
2324	3	10	38	45
2325	3	10	45	52
2326	3	10	52	59
2327	3	10	59	66
2328	4	11	18	25
2329	4	11	25	32
2330	4	11	32	39
2331	4	11	39	46
2332	4	11	46	53
2333	4	11	53	60
2334	4	11	60	67
2335	5	12	19	26
2336	5	12	26	33
2337	5	12	33	40
2338	5	12	40	47
2339	5	12	47	54
2340	5	12	54	61
2341	5	12	61	68
2342	6	13	20	27
2343	6	13	27	34
2344	6	13	34	41
2345	6	13	41	48
2346	6	13	48	55
2347	6	13	55	62
2348	6	13	62	69
2349	7	14	21	28
2350	7	14	28	35
2351	7	14	35	42
2352	7	14	42	49
2353	7	14	49	56
2354	7	14	56	63
2355	7	14	63	70
2356	8	15	22	29
2357	8	15	29	36
2358	8	15	36	43
2359	8	15	43	50
2360	8	15	50	57
2361	8	15	57	64
2362	8	15	64	71
2363	9	16	23	30
2364	9	16	30	37
2365	9	16	37	44
2366	9	16	44	51
2367	9	16	51	58
2368	9	16	58	65
2369	9	16	65	72
2370	72	71	70	69
2371	72	71	69	68
2372	72	71	68	67
2373	72	71	67	66
2374	72	71	66	65
2375	72	71	65	64
2376	72	71	64	63
2377	72	71	63	62
2378	72	71	62	61
2379	72	71	61	60
2380	71	70	69	68
2381	71	70	68	67
2382	71	70	67	66
2383	71	70	66	65
2384	71	70	65	64
2385	71	70	64	63
2386	71	70	63	62
2387	71	70	62	61
2388	71	70	61	60
2389	71	70	60	59
2390	70	69	68	67
2391	70	69	67	66
2392	70	69	66	65
2393	70	69	65	64
2394	70	69	64	63
2395	70	69	63	62
2396	70	69	62	61
2397	70	69	61	60
2398	70	69	60	59
2399	70	69	59	58
2400	69	68	67	66
2401	69	68	66	65
2402	69	68	65	64
2403	69	68	64	63
2404	69	68	63	62
2405	69	68	62	61
2406	69	68	61	60
2407	69	68	60	59
2408	69	68	59	58
2409	69	68	58	57
2410	68	67	66	65
2411	68	67	65	64
2412	68	67	64	63
2413	68	67	63	62
2414	68	67	62	61
2415	68	67	61	60
2416	68	67	60	59
2417	68	67	59	58
2418	68	67	58	57
2419	68	67	57	56
2420	67	66	65	64
2421	67	66	64	63
2422	67	66	63	62
2423	67	66	62	61
2424	67	66	61	60
2425	67	66	60	59
2426	67	66	59	58
2427	67	66	58	57
2428	67	66	57	56
2429	67	66	56	55
2430	66	65	64	63
2431	66	65	63	62
2432	66	65	62	61
2433	66	65	61	60
2434	66	65	60	59
2435	66	65	59	58
2436	66	65	58	57
2437	66	65	57	56
2438	66	65	56	55
2439	66	65	55	54
2440	65	64	63	62
2441	65	64	62	61
2442	65	64	61	60
2443	65	64	60	59
2444	65	64	59	58
2445	65	64	58	57
2446	65	64	57	56
2447	65	64	56	55
2448	65	64	55	54
2449	65	64	54	53
2450	64	63	62	61
2451	64	63	61	60
2452	64	63	60	59
2453	64	63	59	58
2454	64	63	58	57
2455	64	63	57	56
2456	64	63	56	55
2457	64	63	55	54
2458	64	63	54	53
2459	64	63	53	52
2460	63	62	61	60
2461	63	62	60	59
2462	63	62	59	58
2463	63	62	58	57
2464	63	62	57	56
2465	63	62	56	55
2466	63	62	55	54
2467	63	62	54	53
2468	63	62	53	52
2469	63	62	52	51
2470	62	61	60	59
2471	62	61	59	58
2472	62	61	58	57
2473	62	61	57	56
2474	62	61	56	55
2475	62	61	55	54
2476	62	61	54	53
2477	62	61	53	52
2478	62	61	52	51
2479	62	61	51	50
2480	61	60	59	58
2481	61	60	58	57
2482	61	60	57	56
2483	61	60	56	55
2484	61	60	55	54
2485	61	60	54	53
2486	61	60	53	52
2487	61	60	52	51
2488	61	60	51	50
2489	61	60	50	49
2490	60	59	58	57
2491	60	59	57	56
2492	60	59	56	55
2493	60	59	55	54
2494	60	59	54	53
2495	60	59	53	52
2496	60	59	52	51
2497	60	59	51	50
2498	60	59	50	49
2499	60	59	49	48
2500	59	58	57	56
2501	59	58	56	55
2502	59	58	55	54
2503	59	58	54	53
2504	59	58	53	52
2505	59	58	52	51
2506	59	58	51	50
2507	59	58	50	49
2508	59	58	49	48
2509	59	58	48	47
2510	58	57	56	55
2511	58	57	55	54
2512	58	57	54	53
2513	58	57	53	52
2514	58	57	52	51
2515	58	57	51	50
2516	58	57	50	49
2517	58	57	49	48
2518	58	57	48	47
2519	58	57	47	46
2520	57	56	55	54
2521	57	56	54	53
2522	57	56	53	52
2523	57	56	52	51
2524	57	56	51	50
2525	57	56	50	49
2526	57	56	49	48
2527	57	56	48	47
2528	57	56	47	46
2529	57	56	46	45
2530	56	55	54	53
2531	56	55	53	52
2532	56	55	52	51
2533	56	55	51	50
2534	56	55	50	49
2535	56	55	49	48
2536	56	55	48	47
2537	56	55	47	46
2538	56	55	46	45
2539	56	55	45	44
2540	55	54	53	52
2541	55	54	52	51
2542	55	54	51	50
2543	55	54	50	49
2544	55	54	49	48
2545	55	54	48	47
2546	55	54	47	46
2547	55	54	46	45
2548	55	54	45	44
2549	55	54	44	43
2550	54	53	52	51
2551	54	53	51	50
2552	54	53	50	49
2553	54	53	49	48
2554	54	53	48	47
2555	54	53	47	46
2556	54	53	46	45
2557	54	53	45	44
2558	54	53	44	43
2559	54	53	43	42
2560	53	52	51	50
2561	53	52	50	49
2562	53	52	49	48
2563	53	52	48	47
2564	53	52	47	46
2565	53	52	46	45
2566	53	52	45	44
2567	53	52	44	43
2568	53	52	43	42
2569	53	52	42	41
2570	52	51	50	49
2571	52	51	49	48
2572	52	51	48	47
2573	52	51	47	46
2574	52	51	46	45
2575	52	51	45	44
2576	52	51	44	43
2577	52	51	43	42
2578	52	51	42	41
2579	52	51	41	40
2580	51	50	49	48
2581	51	50	48	47
2582	51	50	47	46
2583	51	50	46	45
2584	51	50	45	44
2585	51	50	44	43
2586	51	50	43	42
2587	51	50	42	41
2588	51	50	41	40
2589	51	50	40	39
2590	50	49	48	47
2591	50	49	47	46
2592	50	49	46	45
2593	50	49	45	44
2594	50	49	44	43
2595	50	49	43	42
2596	50	49	42	41
2597	50	49	41	40
2598	50	49	40	39
2599	50	49	39	38
2600	49	48	47	46
2601	49	48	46	45
2602	49	48	45	44
2603	49	48	44	43
2604	49	48	43	42
2605	49	48	42	41
2606	49	48	41	40
2607	49	48	40	39
2608	49	48	39	38
2609	49	48	38	37
2610	48	47	46	45
2611	48	47	45	44
2612	48	47	44	43
2613	48	47	43	42
2614	48	47	42	41
2615	48	47	41	40
2616	48	47	40	39
2617	48	47	39	38
2618	48	47	38	37
2619	48	47	37	36
2620	47	46	45	44
2621	47	46	44	43
2622	47	46	43	42
2623	47	46	42	41
2624	47	46	41	40
2625	47	46	40	39
2626	47	46	39	38
2627	47	46	38	37
2628	47	46	37	36
2629	47	46	36	35
2630	46	45	44	43
2631	46	45	43	42
2632	46	45	42	41
2633	46	45	41	40
2634	46	45	40	39
2635	46	45	39	38
2636	46	45	38	37
2637	46	45	37	36
2638	46	45	36	35
2639	46	45	35	34
2640	45	44	43	42
2641	45	44	42	41
2642	45	44	41	40
2643	45	44	40	39
2644	45	44	39	38
2645	45	44	38	37
2646	45	44	37	36
2647	45	44	36	35
2648	45	44	35	34
2649	45	44	34	33
2650	44	43	42	41
2651	44	43	41	40
2652	44	43	40	39
2653	44	43	39	38
2654	44	43	38	37
2655	44	43	37	36
2656	44	43	36	35
2657	44	43	35	34
2658	44	43	34	33
2659	44	43	33	32
2660	43	42	41	40
2661	43	42	40	39
2662	43	42	39	38
2663	43	42	38	37
2664	43	42	37	36
2665	43	42	36	35
2666	43	42	35	34
2667	43	42	34	33
2668	43	42	33	32
2669	43	42	32	31
2670	42	41	40	39
2671	42	41	39	38
2672	42	41	38	37
2673	42	41	37	36
2674	42	41	36	35
2675	42	41	35	34
2676	42	41	34	33
2677	42	41	33	32
2678	42	41	32	31
2679	42	41	31	30
2680	41	40	39	38
2681	41	40	38	37
2682	41	40	37	36
2683	41	40	36	35
2684	41	40	35	34
2685	41	40	34	33
2686	41	40	33	32
2687	41	40	32	31
2688	41	40	31	30
2689	41	40	30	29
2690	40	39	38	37
2691	40	39	37	36
2692	40	39	36	35
2693	40	39	35	34
2694	40	39	34	33
2695	40	39	33	32
2696	40	39	32	31
2697	40	39	31	30
2698	40	39	30	29
2699	40	39	29	28
2700	39	38	37	36
2701	39	38	36	35
2702	39	38	35	34
2703	39	38	34	33
2704	39	38	33	32
2705	39	38	32	31
2706	39	38	31	30
2707	39	38	30	29
2708	39	38	29	28
2709	39	38	28	27
2710	38	37	36	35
2711	38	37	35	34
2712	38	37	34	33
2713	38	37	33	32
2714	38	37	32	31
2715	38	37	31	30
2716	38	37	30	29
2717	38	37	29	28
2718	38	37	28	27
2719	38	37	27	26
2720	37	36	35	34
2721	37	36	34	33
2722	37	36	33	32
2723	37	36	32	31
2724	37	36	31	30
2725	37	36	30	29
2726	37	36	29	28
2727	37	36	28	27
2728	37	36	27	26
2729	37	36	26	25
2730	36	35	34	33
2731	36	35	33	32
2732	36	35	32	31
2733	36	35	31	30
2734	36	35	30	29
2735	36	35	29	28
2736	36	35	28	27
2737	36	35	27	26
2738	36	35	26	25
2739	36	35	25	24
2740	35	34	33	32
2741	35	34	32	31
2742	35	34	31	30
2743	35	34	30	29
2744	35	34	29	28
2745	35	34	28	27
2746	35	34	27	26
2747	35	34	26	25
2748	35	34	25	24
2749	35	34	24	23
2750	34	33	32	31
2751	34	33	31	30
2752	34	33	30	29
2753	34	33	29	28
2754	34	33	28	27
2755	34	33	27	26
2756	34	33	26	25
2757	34	33	25	24
2758	34	33	24	23
2759	34	33	23	22
2760	33	32	31	30
2761	33	32	30	29
2762	33	32	29	28
2763	33	32	28	27
2764	33	32	27	26
2765	33	32	26	25
2766	33	32	25	24
2767	33	32	24	23
2768	33	32	23	22
2769	33	32	22	21
2770	32	31	30	29
2771	32	31	29	28
2772	32	31	28	27
2773	32	31	27	26
2774	32	31	26	25
2775	32	31	25	24
2776	32	31	24	23
2777	32	31	23	22
2778	32	31	22	21
2779	32	31	21	20
2780	31	30	29	28
2781	31	30	28	27
2782	31	30	27	26
2783	31	30	26	25
2784	31	30	25	24
2785	31	30	24	23
2786	31	30	23	22
2787	31	30	22	21
2788	31	30	21	20
2789	31	30	20	19
2790	30	29	28	27
2791	30	29	27	26
2792	30	29	26	25
2793	30	29	25	24
2794	30	29	24	23
2795	30	29	23	22
2796	30	29	22	21
2797	30	29	21	20
2798	30	29	20	19
2799	30	29	19	18
2800	29	28	27	26
2801	29	28	26	25
2802	29	28	25	24
2803	29	28	24	23
2804	29	28	23	22
2805	29	28	22	21
2806	29	28	21	20
2807	29	28	20	19
2808	29	28	19	18
2809	29	28	18	17
2810	28	27	26	25
2811	28	27	25	24
2812	28	27	24	23
2813	28	27	23	22
2814	28	27	22	21
2815	28	27	21	20
2816	28	27	20	19
2817	28	27	19	18
2818	28	27	18	17
2819	28	27	17	16
2820	27	26	25	24
2821	27	26	24	23
2822	27	26	23	22
2823	27	26	22	21
2824	27	26	21	20
2825	27	26	20	19
2826	27	26	19	18
2827	27	26	18	17
2828	27	26	17	16
2829	27	26	16	15
2830	26	25	24	23
2831	26	25	23	22
2832	26	25	22	21
2833	26	25	21	20
2834	26	25	20	19
2835	26	25	19	18
2836	26	25	18	17
2837	26	25	17	16
2838	26	25	16	15
2839	26	25	15	14
2840	25	24	23	22
2841	25	24	22	21
2842	25	24	21	20
2843	25	24	20	19
2844	25	24	19	18
2845	25	24	18	17
2846	25	24	17	16
2847	25	24	16	15
2848	25	24	15	14
2849	25	24	14	13
2850	24	23	22	21
2851	24	23	21	20
2852	24	23	20	19
2853	24	23	19	18
2854	24	23	18	17
2855	24	23	17	16
2856	24	23	16	15
2857	24	23	15	14
2858	24	23	14	13
2859	24	23	13	12
2860	23	22	21	20
2861	23	22	20	19
2862	23	22	19	18
2863	23	22	18	17
2864	23	22	17	16
2865	23	22	16	15
2866	23	22	15	14
2867	23	22	14	13
2868	23	22	13	12
2869	23	22	12	11
2870	22	21	20	19
2871	22	21	19	18
2872	22	21	18	17
2873	22	21	17	16
2874	22	21	16	15
2875	22	21	15	14
2876	22	21	14	13
2877	22	21	13	12
2878	22	21	12	11
2879	22	21	11	10
2880	21	20	19	18
2881	21	20	18	17
2882	21	20	17	16
2883	21	20	16	15
2884	21	20	15	14
2885	21	20	14	13
2886	21	20	13	12
2887	21	20	12	11
2888	21	20	11	10
2889	21	20	10	9
2890	20	19	18	17
2891	20	19	17	16
2892	20	19	16	15
2893	20	19	15	14
2894	20	19	14	13
2895	20	19	13	12
2896	20	19	12	11
2897	20	19	11	10
2898	20	19	10	9
2899	20	19	9	8
2900	19	18	17	16
2901	19	18	16	15
2902	19	18	15	14
2903	19	18	14	13
2904	19	18	13	12
2905	19	18	12	11
2906	19	18	11	10
2907	19	18	10	9
2908	19	18	9	8
2909	19	18	8	7
2910	18	17	16	15
2911	18	17	15	14
2912	18	17	14	13
2913	18	17	13	12
2914	18	17	12	11
2915	18	17	11	10
2916	18	17	10	9
2917	18	17	9	8
2918	18	17	8	7
2919	18	17	7	6
2920	17	16	15	14
2921	17	16	14	13
2922	17	16	13	12
2923	17	16	12	11
2924	17	16	11	10
2925	17	16	10	9
2926	17	16	9	8
2927	17	16	8	7
2928	17	16	7	6
2929	17	16	6	5
2930	16	15	14	13
2931	16	15	13	12
2932	16	15	12	11
2933	16	15	11	10
2934	16	15	10	9
2935	16	15	9	8
2936	16	15	8	7
2937	16	15	7	6
2938	16	15	6	5
2939	16	15	5	4
2940	15	14	13	12
2941	15	14	12	11
2942	15	14	11	10
2943	15	14	10	9
2944	15	14	9	8
2945	15	14	8	7
2946	15	14	7	6
2947	15	14	6	5
2948	15	14	5	4
2949	15	14	4	3
2950	14	13	12	11
2951	14	13	11	10
2952	14	13	10	9
2953	14	13	9	8
2954	14	13	8	7
2955	14	13	7	6
2956	14	13	6	5
2957	14	13	5	4
2958	14	13	4	3
2959	14	13	3	2
2960	13	12	11	10
2961	13	12	10	9
2962	13	12	9	8
2963	13	12	8	7
2964	13	12	7	6
2965	13	12	6	5
2966	13	12	5	4
2967	13	12	4	3
2968	13	12	3	2
2969	13	12	2	1
2970	12	11	10	9
2971	12	11	9	8
2972	12	11	8	7
2973	12	11	7	6
2974	12	11	6	5
2975	12	11	5	4
2976	12	11	4	3
2977	12	11	3	2
2978	12	11	2	1
2979	11	10	9	8
2980	11	10	8	7
2981	11	10	7	6
2982	11	10	6	5
2983	11	10	5	4
2984	11	10	4	3
2985	11	10	3	2
2986	11	10	2	1
2987	10	9	8	7
2988	10	9	7	6
2989	10	9	6	5
2990	10	9	5	4
2991	10	9	4	3
2992	10	9	3	2
2993	10	9	2	1
2994	72	70	68	66
2995	72	70	66	64
2996	72	70	64	62
2997	72	70	62	60
2998	72	70	60	58
2999	72	70	58	56
3000	72	70	56	54
3001	72	70	54	52
3002	72	70	52	50
3003	72	70	50	48
3004	71	69	67	65
3005	71	69	65	63
3006	71	69	63	61
3007	71	69	61	59
3008	71	69	59	57
3009	71	69	57	55
3010	71	69	55	53
3011	71	69	53	51
3012	71	69	51	49
3013	71	69	49	47
3014	70	68	66	64
3015	70	68	64	62
3016	70	68	62	60
3017	70	68	60	58
3018	70	68	58	56
3019	70	68	56	54
3020	70	68	54	52
3021	70	68	52	50
3022	70	68	50	48
3023	70	68	48	46
3024	69	67	65	63
3025	69	67	63	61
3026	69	67	61	59
3027	69	67	59	57
3028	69	67	57	55
3029	69	67	55	53
3030	69	67	53	51
3031	69	67	51	49
3032	69	67	49	47
3033	69	67	47	45
3034	68	66	64	62
3035	68	66	62	60
3036	68	66	60	58
3037	68	66	58	56
3038	68	66	56	54
3039	68	66	54	52
3040	68	66	52	50
3041	68	66	50	48
3042	68	66	48	46
3043	68	66	46	44
3044	67	65	63	61
3045	67	65	61	59
3046	67	65	59	57
3047	67	65	57	55
3048	67	65	55	53
3049	67	65	53	51
3050	67	65	51	49
3051	67	65	49	47
3052	67	65	47	45
3053	67	65	45	43
3054	66	64	62	60
3055	66	64	60	58
3056	66	64	58	56
3057	66	64	56	54
3058	66	64	54	52
3059	66	64	52	50
3060	66	64	50	48
3061	66	64	48	46
3062	66	64	46	44
3063	66	64	44	42
3064	65	63	61	59
3065	65	63	59	57
3066	65	63	57	55
3067	65	63	55	53
3068	65	63	53	51
3069	65	63	51	49
3070	65	63	49	47
3071	65	63	47	45
3072	65	63	45	43
3073	65	63	43	41
3074	64	62	60	58
3075	64	62	58	56
3076	64	62	56	54
3077	64	62	54	52
3078	64	62	52	50
3079	64	62	50	48
3080	64	62	48	46
3081	64	62	46	44
3082	64	62	44	42
3083	64	62	42	40
3084	63	61	59	57
3085	63	61	57	55
3086	63	61	55	53
3087	63	61	53	51
3088	63	61	51	49
3089	63	61	49	47
3090	63	61	47	45
3091	63	61	45	43
3092	63	61	43	41
3093	63	61	41	39
3094	62	60	58	56
3095	62	60	56	54
3096	62	60	54	52
3097	62	60	52	50
3098	62	60	50	48
3099	62	60	48	46
3100	62	60	46	44
3101	62	60	44	42
3102	62	60	42	40
3103	62	60	40	38
3104	61	59	57	55
3105	61	59	55	53
3106	61	59	53	51
3107	61	59	51	49
3108	61	59	49	47
3109	61	59	47	45
3110	61	59	45	43
3111	61	59	43	41
3112	61	59	41	39
3113	61	59	39	37
3114	60	58	56	54
3115	60	58	54	52
3116	60	58	52	50
3117	60	58	50	48
3118	60	58	48	46
3119	60	58	46	44
3120	60	58	44	42
3121	60	58	42	40
3122	60	58	40	38
3123	60	58	38	36
3124	59	57	55	53
3125	59	57	53	51
3126	59	57	51	49
3127	59	57	49	47
3128	59	57	47	45
3129	59	57	45	43
3130	59	57	43	41
3131	59	57	41	39
3132	59	57	39	37
3133	59	57	37	35
3134	58	56	54	52
3135	58	56	52	50
3136	58	56	50	48
3137	58	56	48	46
3138	58	56	46	44
3139	58	56	44	42
3140	58	56	42	40
3141	58	56	40	38
3142	58	56	38	36
3143	58	56	36	34
3144	57	55	53	51
3145	57	55	51	49
3146	57	55	49	47
3147	57	55	47	45
3148	57	55	45	43
3149	57	55	43	41
3150	57	55	41	39
3151	57	55	39	37
3152	57	55	37	35
3153	57	55	35	33
3154	56	54	52	50
3155	56	54	50	48
3156	56	54	48	46
3157	56	54	46	44
3158	56	54	44	42
3159	56	54	42	40
3160	56	54	40	38
3161	56	54	38	36
3162	56	54	36	34
3163	56	54	34	32
3164	55	53	51	49
3165	55	53	49	47
3166	55	53	47	45
3167	55	53	45	43
3168	55	53	43	41
3169	55	53	41	39
3170	55	53	39	37
3171	55	53	37	35
3172	55	53	35	33
3173	55	53	33	31
3174	54	52	50	48
3175	54	52	48	46
3176	54	52	46	44
3177	54	52	44	42
3178	54	52	42	40
3179	54	52	40	38
3180	54	52	38	36
3181	54	52	36	34
3182	54	52	34	32
3183	54	52	32	30
3184	53	51	49	47
3185	53	51	47	45
3186	53	51	45	43
3187	53	51	43	41
3188	53	51	41	39
3189	53	51	39	37
3190	53	51	37	35
3191	53	51	35	33
3192	53	51	33	31
3193	53	51	31	29
3194	52	50	48	46
3195	52	50	46	44
3196	52	50	44	42
3197	52	50	42	40
3198	52	50	40	38
3199	52	50	38	36
3200	52	50	36	34
3201	52	50	34	32
3202	52	50	32	30
3203	52	50	30	28
3204	51	49	47	45
3205	51	49	45	43
3206	51	49	43	41
3207	51	49	41	39
3208	51	49	39	37
3209	51	49	37	35
3210	51	49	35	33
3211	51	49	33	31
3212	51	49	31	29
3213	51	49	29	27
3214	50	48	46	44
3215	50	48	44	42
3216	50	48	42	40
3217	50	48	40	38
3218	50	48	38	36
3219	50	48	36	34
3220	50	48	34	32
3221	50	48	32	30
3222	50	48	30	28
3223	50	48	28	26
3224	49	47	45	43
3225	49	47	43	41
3226	49	47	41	39
3227	49	47	39	37
3228	49	47	37	35
3229	49	47	35	33
3230	49	47	33	31
3231	49	47	31	29
3232	49	47	29	27
3233	49	47	27	25
3234	48	46	44	42
3235	48	46	42	40
3236	48	46	40	38
3237	48	46	38	36
3238	48	46	36	34
3239	48	46	34	32
3240	48	46	32	30
3241	48	46	30	28
3242	48	46	28	26
3243	48	46	26	24
3244	47	45	43	41
3245	47	45	41	39
3246	47	45	39	37
3247	47	45	37	35
3248	47	45	35	33
3249	47	45	33	31
3250	47	45	31	29
3251	47	45	29	27
3252	47	45	27	25
3253	47	45	25	23
3254	46	44	42	40
3255	46	44	40	38
3256	46	44	38	36
3257	46	44	36	34
3258	46	44	34	32
3259	46	44	32	30
3260	46	44	30	28
3261	46	44	28	26
3262	46	44	26	24
3263	46	44	24	22
3264	45	43	41	39
3265	45	43	39	37
3266	45	43	37	35
3267	45	43	35	33
3268	45	43	33	31
3269	45	43	31	29
3270	45	43	29	27
3271	45	43	27	25
3272	45	43	25	23
3273	45	43	23	21
3274	44	42	40	38
3275	44	42	38	36
3276	44	42	36	34
3277	44	42	34	32
3278	44	42	32	30
3279	44	42	30	28
3280	44	42	28	26
3281	44	42	26	24
3282	44	42	24	22
3283	44	42	22	20
3284	43	41	39	37
3285	43	41	37	35
3286	43	41	35	33
3287	43	41	33	31
3288	43	41	31	29
3289	43	41	29	27
3290	43	41	27	25
3291	43	41	25	23
3292	43	41	23	21
3293	43	41	21	19
3294	42	40	38	36
3295	42	40	36	34
3296	42	40	34	32
3297	42	40	32	30
3298	42	40	30	28
3299	42	40	28	26
3300	42	40	26	24
3301	42	40	24	22
3302	42	40	22	20
3303	42	40	20	18
3304	41	39	37	35
3305	41	39	35	33
3306	41	39	33	31
3307	41	39	31	29
3308	41	39	29	27
3309	41	39	27	25
3310	41	39	25	23
3311	41	39	23	21
3312	41	39	21	19
3313	41	39	19	17
3314	40	38	36	34
3315	40	38	34	32
3316	40	38	32	30
3317	40	38	30	28
3318	40	38	28	26
3319	40	38	26	24
3320	40	38	24	22
3321	40	38	22	20
3322	40	38	20	18
3323	40	38	18	16
3324	39	37	35	33
3325	39	37	33	31
3326	39	37	31	29
3327	39	37	29	27
3328	39	37	27	25
3329	39	37	25	23
3330	39	37	23	21
3331	39	37	21	19
3332	39	37	19	17
3333	39	37	17	15
3334	38	36	34	32
3335	38	36	32	30
3336	38	36	30	28
3337	38	36	28	26
3338	38	36	26	24
3339	38	36	24	22
3340	38	36	22	20
3341	38	36	20	18
3342	38	36	18	16
3343	38	36	16	14
3344	37	35	33	31
3345	37	35	31	29
3346	37	35	29	27
3347	37	35	27	25
3348	37	35	25	23
3349	37	35	23	21
3350	37	35	21	19
3351	37	35	19	17
3352	37	35	17	15
3353	37	35	15	13
3354	36	34	32	30
3355	36	34	30	28
3356	36	34	28	26
3357	36	34	26	24
3358	36	34	24	22
3359	36	34	22	20
3360	36	34	20	18
3361	36	34	18	16
3362	36	34	16	14
3363	36	34	14	12
3364	35	33	31	29
3365	35	33	29	27
3366	35	33	27	25
3367	35	33	25	23
3368	35	33	23	21
3369	35	33	21	19
3370	35	33	19	17
3371	35	33	17	15
3372	35	33	15	13
3373	35	33	13	11
3374	34	32	30	28
3375	34	32	28	26
3376	34	32	26	24
3377	34	32	24	22
3378	34	32	22	20
3379	34	32	20	18
3380	34	32	18	16
3381	34	32	16	14
3382	34	32	14	12
3383	34	32	12	10
3384	33	31	29	27
3385	33	31	27	25
3386	33	31	25	23
3387	33	31	23	21
3388	33	31	21	19
3389	33	31	19	17
3390	33	31	17	15
3391	33	31	15	13
3392	33	31	13	11
3393	33	31	11	9
3394	32	30	28	26
3395	32	30	26	24
3396	32	30	24	22
3397	32	30	22	20
3398	32	30	20	18
3399	32	30	18	16
3400	32	30	16	14
3401	32	30	14	12
3402	32	30	12	10
3403	32	30	10	8
3404	31	29	27	25
3405	31	29	25	23
3406	31	29	23	21
3407	31	29	21	19
3408	31	29	19	17
3409	31	29	17	15
3410	31	29	15	13
3411	31	29	13	11
3412	31	29	11	9
3413	31	29	9	7
3414	30	28	26	24
3415	30	28	24	22
3416	30	28	22	20
3417	30	28	20	18
3418	30	28	18	16
3419	30	28	16	14
3420	30	28	14	12
3421	30	28	12	10
3422	30	28	10	8
3423	30	28	8	6
3424	29	27	25	23
3425	29	27	23	21
3426	29	27	21	19
3427	29	27	19	17
3428	29	27	17	15
3429	29	27	15	13
3430	29	27	13	11
3431	29	27	11	9
3432	29	27	9	7
3433	29	27	7	5
3434	28	26	24	22
3435	28	26	22	20
3436	28	26	20	18
3437	28	26	18	16
3438	28	26	16	14
3439	28	26	14	12
3440	28	26	12	10
3441	28	26	10	8
3442	28	26	8	6
3443	28	26	6	4
3444	27	25	23	21
3445	27	25	21	19
3446	27	25	19	17
3447	27	25	17	15
3448	27	25	15	13
3449	27	25	13	11
3450	27	25	11	9
3451	27	25	9	7
3452	27	25	7	5
3453	27	25	5	3
3454	26	24	22	20
3455	26	24	20	18
3456	26	24	18	16
3457	26	24	16	14
3458	26	24	14	12
3459	26	24	12	10
3460	26	24	10	8
3461	26	24	8	6
3462	26	24	6	4
3463	26	24	4	2
3464	25	23	21	19
3465	25	23	19	17
3466	25	23	17	15
3467	25	23	15	13
3468	25	23	13	11
3469	25	23	11	9
3470	25	23	9	7
3471	25	23	7	5
3472	25	23	5	3
3473	25	23	3	1
3474	24	22	20	18
3475	24	22	18	16
3476	24	22	16	14
3477	24	22	14	12
3478	24	22	12	10
3479	24	22	10	8
3480	24	22	8	6
3481	24	22	6	4
3482	24	22	4	2
3483	23	21	19	17
3484	23	21	17	15
3485	23	21	15	13
3486	23	21	13	11
3487	23	21	11	9
3488	23	21	9	7
3489	23	21	7	5
3490	23	21	5	3
3491	23	21	3	1
3492	22	20	18	16
3493	22	20	16	14
3494	22	20	14	12
3495	22	20	12	10
3496	22	20	10	8
3497	22	20	8	6
3498	22	20	6	4
3499	22	20	4	2
3500	21	19	17	15
3501	21	19	15	13
3502	21	19	13	11
3503	21	19	11	9
3504	21	19	9	7
3505	21	19	7	5
3506	21	19	5	3
3507	21	19	3	1
3508	20	18	16	14
3509	20	18	14	12
3510	20	18	12	10
3511	20	18	10	8
3512	20	18	8	6
3513	20	18	6	4
3514	20	18	4	2
3515	19	17	15	13
3516	19	17	13	11
3517	19	17	11	9
3518	19	17	9	7
3519	19	17	7	5
3520	19	17	5	3
3521	19	17	3	1
3522	72	69	66	63
3523	72	69	63	60
3524	72	69	60	57
3525	72	69	57	54
3526	72	69	54	51
3527	72	69	51	48
3528	72	69	48	45
3529	72	69	45	42
3530	72	69	42	39
3531	72	69	39	36
3532	71	68	65	62
3533	71	68	62	59
3534	71	68	59	56
3535	71	68	56	53
3536	71	68	53	50
3537	71	68	50	47
3538	71	68	47	44
3539	71	68	44	41
3540	71	68	41	38
3541	71	68	38	35
3542	70	67	64	61
3543	70	67	61	58
3544	70	67	58	55
3545	70	67	55	52
3546	70	67	52	49
3547	70	67	49	46
3548	70	67	46	43
3549	70	67	43	40
3550	70	67	40	37
3551	70	67	37	34
3552	69	66	63	60
3553	69	66	60	57
3554	69	66	57	54
3555	69	66	54	51
3556	69	66	51	48
3557	69	66	48	45
3558	69	66	45	42
3559	69	66	42	39
3560	69	66	39	36
3561	69	66	36	33
3562	68	65	62	59
3563	68	65	59	56
3564	68	65	56	53
3565	68	65	53	50
3566	68	65	50	47
3567	68	65	47	44
3568	68	65	44	41
3569	68	65	41	38
3570	68	65	38	35
3571	68	65	35	32
3572	67	64	61	58
3573	67	64	58	55
3574	67	64	55	52
3575	67	64	52	49
3576	67	64	49	46
3577	67	64	46	43
3578	67	64	43	40
3579	67	64	40	37
3580	67	64	37	34
3581	67	64	34	31
3582	66	63	60	57
3583	66	63	57	54
3584	66	63	54	51
3585	66	63	51	48
3586	66	63	48	45
3587	66	63	45	42
3588	66	63	42	39
3589	66	63	39	36
3590	66	63	36	33
3591	66	63	33	30
3592	65	62	59	56
3593	65	62	56	53
3594	65	62	53	50
3595	65	62	50	47
3596	65	62	47	44
3597	65	62	44	41
3598	65	62	41	38
3599	65	62	38	35
3600	65	62	35	32
3601	65	62	32	29
3602	64	61	58	55
3603	64	61	55	52
3604	64	61	52	49
3605	64	61	49	46
3606	64	61	46	43
3607	64	61	43	40
3608	64	61	40	37
3609	64	61	37	34
3610	64	61	34	31
3611	64	61	31	28
3612	63	60	57	54
3613	63	60	54	51
3614	63	60	51	48
3615	63	60	48	45
3616	63	60	45	42
3617	63	60	42	39
3618	63	60	39	36
3619	63	60	36	33
3620	63	60	33	30
3621	63	60	30	27
3622	62	59	56	53
3623	62	59	53	50
3624	62	59	50	47
3625	62	59	47	44
3626	62	59	44	41
3627	62	59	41	38
3628	62	59	38	35
3629	62	59	35	32
3630	62	59	32	29
3631	62	59	29	26
3632	61	58	55	52
3633	61	58	52	49
3634	61	58	49	46
3635	61	58	46	43
3636	61	58	43	40
3637	61	58	40	37
3638	61	58	37	34
3639	61	58	34	31
3640	61	58	31	28
3641	61	58	28	25
3642	60	57	54	51
3643	60	57	51	48
3644	60	57	48	45
3645	60	57	45	42
3646	60	57	42	39
3647	60	57	39	36
3648	60	57	36	33
3649	60	57	33	30
3650	60	57	30	27
3651	60	57	27	24
3652	59	56	53	50
3653	59	56	50	47
3654	59	56	47	44
3655	59	56	44	41
3656	59	56	41	38
3657	59	56	38	35
3658	59	56	35	32
3659	59	56	32	29
3660	59	56	29	26
3661	59	56	26	23
3662	58	55	52	49
3663	58	55	49	46
3664	58	55	46	43
3665	58	55	43	40
3666	58	55	40	37
3667	58	55	37	34
3668	58	55	34	31
3669	58	55	31	28
3670	58	55	28	25
3671	58	55	25	22
3672	57	54	51	48
3673	57	54	48	45
3674	57	54	45	42
3675	57	54	42	39
3676	57	54	39	36
3677	57	54	36	33
3678	57	54	33	30
3679	57	54	30	27
3680	57	54	27	24
3681	57	54	24	21
3682	56	53	50	47
3683	56	53	47	44
3684	56	53	44	41
3685	56	53	41	38
3686	56	53	38	35
3687	56	53	35	32
3688	56	53	32	29
3689	56	53	29	26
3690	56	53	26	23
3691	56	53	23	20
3692	55	52	49	46
3693	55	52	46	43
3694	55	52	43	40
3695	55	52	40	37
3696	55	52	37	34
3697	55	52	34	31
3698	55	52	31	28
3699	55	52	28	25
3700	55	52	25	22
3701	55	52	22	19
3702	54	51	48	45
3703	54	51	45	42
3704	54	51	42	39
3705	54	51	39	36
3706	54	51	36	33
3707	54	51	33	30
3708	54	51	30	27
3709	54	51	27	24
3710	54	51	24	21
3711	54	51	21	18
3712	53	50	47	44
3713	53	50	44	41
3714	53	50	41	38
3715	53	50	38	35
3716	53	50	35	32
3717	53	50	32	29
3718	53	50	29	26
3719	53	50	26	23
3720	53	50	23	20
3721	53	50	20	17
3722	52	49	46	43
3723	52	49	43	40
3724	52	49	40	37
3725	52	49	37	34
3726	52	49	34	31
3727	52	49	31	28
3728	52	49	28	25
3729	52	49	25	22
3730	52	49	22	19
3731	52	49	19	16
3732	51	48	45	42
3733	51	48	42	39
3734	51	48	39	36
3735	51	48	36	33
3736	51	48	33	30
3737	51	48	30	27
3738	51	48	27	24
3739	51	48	24	21
3740	51	48	21	18
3741	51	48	18	15
3742	50	47	44	41
3743	50	47	41	38
3744	50	47	38	35
3745	50	47	35	32
3746	50	47	32	29
3747	50	47	29	26
3748	50	47	26	23
3749	50	47	23	20
3750	50	47	20	17
3751	50	47	17	14
3752	49	46	43	40
3753	49	46	40	37
3754	49	46	37	34
3755	49	46	34	31
3756	49	46	31	28
3757	49	46	28	25
3758	49	46	25	22
3759	49	46	22	19
3760	49	46	19	16
3761	49	46	16	13
3762	48	45	42	39
3763	48	45	39	36
3764	48	45	36	33
3765	48	45	33	30
3766	48	45	30	27
3767	48	45	27	24
3768	48	45	24	21
3769	48	45	21	18
3770	48	45	18	15
3771	48	45	15	12
3772	47	44	41	38
3773	47	44	38	35
3774	47	44	35	32
3775	47	44	32	29
3776	47	44	29	26
3777	47	44	26	23
3778	47	44	23	20
3779	47	44	20	17
3780	47	44	17	14
3781	47	44	14	11
3782	46	43	40	37
3783	46	43	37	34
3784	46	43	34	31
3785	46	43	31	28
3786	46	43	28	25
3787	46	43	25	22
3788	46	43	22	19
3789	46	43	19	16
3790	46	43	16	13
3791	46	43	13	10
3792	45	42	39	36
3793	45	42	36	33
3794	45	42	33	30
3795	45	42	30	27
3796	45	42	27	24
3797	45	42	24	21
3798	45	42	21	18
3799	45	42	18	15
3800	45	42	15	12
3801	45	42	12	9
3802	44	41	38	35
3803	44	41	35	32
3804	44	41	32	29
3805	44	41	29	26
3806	44	41	26	23
3807	44	41	23	20
3808	44	41	20	17
3809	44	41	17	14
3810	44	41	14	11
3811	44	41	11	8
3812	43	40	37	34
3813	43	40	34	31
3814	43	40	31	28
3815	43	40	28	25
3816	43	40	25	22
3817	43	40	22	19
3818	43	40	19	16
3819	43	40	16	13
3820	43	40	13	10
3821	43	40	10	7
3822	42	39	36	33
3823	42	39	33	30
3824	42	39	30	27
3825	42	39	27	24
3826	42	39	24	21
3827	42	39	21	18
3828	42	39	18	15
3829	42	39	15	12
3830	42	39	12	9
3831	42	39	9	6
3832	41	38	35	32
3833	41	38	32	29
3834	41	38	29	26
3835	41	38	26	23
3836	41	38	23	20
3837	41	38	20	17
3838	41	38	17	14
3839	41	38	14	11
3840	41	38	11	8
3841	41	38	8	5
3842	40	37	34	31
3843	40	37	31	28
3844	40	37	28	25
3845	40	37	25	22
3846	40	37	22	19
3847	40	37	19	16
3848	40	37	16	13
3849	40	37	13	10
3850	40	37	10	7
3851	40	37	7	4
3852	39	36	33	30
3853	39	36	30	27
3854	39	36	27	24
3855	39	36	24	21
3856	39	36	21	18
3857	39	36	18	15
3858	39	36	15	12
3859	39	36	12	9
3860	39	36	9	6
3861	39	36	6	3
3862	38	35	32	29
3863	38	35	29	26
3864	38	35	26	23
3865	38	35	23	20
3866	38	35	20	17
3867	38	35	17	14
3868	38	35	14	11
3869	38	35	11	8
3870	38	35	8	5
3871	38	35	5	2
3872	37	34	31	28
3873	37	34	28	25
3874	37	34	25	22
3875	37	34	22	19
3876	37	34	19	16
3877	37	34	16	13
3878	37	34	13	10
3879	37	34	10	7
3880	37	34	7	4
3881	37	34	4	1
3882	36	33	30	27
3883	36	33	27	24
3884	36	33	24	21
3885	36	33	21	18
3886	36	33	18	15
3887	36	33	15	12
3888	36	33	12	9
3889	36	33	9	6
3890	36	33	6	3
3891	35	32	29	26
3892	35	32	26	23
3893	35	32	23	20
3894	35	32	20	17
3895	35	32	17	14
3896	35	32	14	11
3897	35	32	11	8
3898	35	32	8	5
3899	35	32	5	2
3900	34	31	28	25
3901	34	31	25	22
3902	34	31	22	19
3903	34	31	19	16
3904	34	31	16	13
3905	34	31	13	10
3906	34	31	10	7
3907	34	31	7	4
3908	34	31	4	1
3909	33	30	27	24
3910	33	30	24	21
3911	33	30	21	18
3912	33	30	18	15
3913	33	30	15	12
3914	33	30	12	9
3915	33	30	9	6
3916	33	30	6	3
3917	32	29	26	23
3918	32	29	23	20
3919	32	29	20	17
3920	32	29	17	14
3921	32	29	14	11
3922	32	29	11	8
3923	32	29	8	5
3924	32	29	5	2
3925	31	28	25	22
3926	31	28	22	19
3927	31	28	19	16
3928	31	28	16	13
3929	31	28	13	10
3930	31	28	10	7
3931	31	28	7	4
3932	31	28	4	1
3933	30	27	24	21
3934	30	27	21	18
3935	30	27	18	15
3936	30	27	15	12
3937	30	27	12	9
3938	30	27	9	6
3939	30	27	6	3
3940	29	26	23	20
3941	29	26	20	17
3942	29	26	17	14
3943	29	26	14	11
3944	29	26	11	8
3945	29	26	8	5
3946	29	26	5	2
3947	28	25	22	19
3948	28	25	19	16
3949	28	25	16	13
3950	28	25	13	10
3951	28	25	10	7
3952	28	25	7	4
3953	28	25	4	1
3954	72	68	64	60
3955	72	68	60	56
3956	72	68	56	52
3957	72	68	52	48
3958	72	68	48	44
3959	72	68	44	40
3960	72	68	40	36
3961	72	68	36	32
3962	72	68	32	28
3963	72	68	28	24
3964	71	67	63	59
3965	71	67	59	55
3966	71	67	55	51
3967	71	67	51	47
3968	71	67	47	43
3969	71	67	43	39
3970	71	67	39	35
3971	71	67	35	31
3972	71	67	31	27
3973	71	67	27	23
3974	70	66	62	58
3975	70	66	58	54
3976	70	66	54	50
3977	70	66	50	46
3978	70	66	46	42
3979	70	66	42	38
3980	70	66	38	34
3981	70	66	34	30
3982	70	66	30	26
3983	70	66	26	22
3984	69	65	61	57
3985	69	65	57	53
3986	69	65	53	49
3987	69	65	49	45
3988	69	65	45	41
3989	69	65	41	37
3990	69	65	37	33
3991	69	65	33	29
3992	69	65	29	25
3993	69	65	25	21
3994	68	64	60	56
3995	68	64	56	52
3996	68	64	52	48
3997	68	64	48	44
3998	68	64	44	40
3999	68	64	40	36
4000	68	64	36	32
4001	68	64	32	28
4002	68	64	28	24
4003	68	64	24	20
4004	67	63	59	55
4005	67	63	55	51
4006	67	63	51	47
4007	67	63	47	43
4008	67	63	43	39
4009	67	63	39	35
4010	67	63	35	31
4011	67	63	31	27
4012	67	63	27	23
4013	67	63	23	19
4014	66	62	58	54
4015	66	62	54	50
4016	66	62	50	46
4017	66	62	46	42
4018	66	62	42	38
4019	66	62	38	34
4020	66	62	34	30
4021	66	62	30	26
4022	66	62	26	22
4023	66	62	22	18
4024	65	61	57	53
4025	65	61	53	49
4026	65	61	49	45
4027	65	61	45	41
4028	65	61	41	37
4029	65	61	37	33
4030	65	61	33	29
4031	65	61	29	25
4032	65	61	25	21
4033	65	61	21	17
4034	64	60	56	52
4035	64	60	52	48
4036	64	60	48	44
4037	64	60	44	40
4038	64	60	40	36
4039	64	60	36	32
4040	64	60	32	28
4041	64	60	28	24
4042	64	60	24	20
4043	64	60	20	16
4044	63	59	55	51
4045	63	59	51	47
4046	63	59	47	43
4047	63	59	43	39
4048	63	59	39	35
4049	63	59	35	31
4050	63	59	31	27
4051	63	59	27	23
4052	63	59	23	19
4053	63	59	19	15
4054	62	58	54	50
4055	62	58	50	46
4056	62	58	46	42
4057	62	58	42	38
4058	62	58	38	34
4059	62	58	34	30
4060	62	58	30	26
4061	62	58	26	22
4062	62	58	22	18
4063	62	58	18	14
4064	61	57	53	49
4065	61	57	49	45
4066	61	57	45	41
4067	61	57	41	37
4068	61	57	37	33
4069	61	57	33	29
4070	61	57	29	25
4071	61	57	25	21
4072	61	57	21	17
4073	61	57	17	13
4074	60	56	52	48
4075	60	56	48	44
4076	60	56	44	40
4077	60	56	40	36
4078	60	56	36	32
4079	60	56	32	28
4080	60	56	28	24
4081	60	56	24	20
4082	60	56	20	16
4083	60	56	16	12
4084	59	55	51	47
4085	59	55	47	43
4086	59	55	43	39
4087	59	55	39	35
4088	59	55	35	31
4089	59	55	31	27
4090	59	55	27	23
4091	59	55	23	19
4092	59	55	19	15
4093	59	55	15	11
4094	58	54	50	46
4095	58	54	46	42
4096	58	54	42	38
4097	58	54	38	34
4098	58	54	34	30
4099	58	54	30	26
4100	58	54	26	22
4101	58	54	22	18
4102	58	54	18	14
4103	58	54	14	10
4104	57	53	49	45
4105	57	53	45	41
4106	57	53	41	37
4107	57	53	37	33
4108	57	53	33	29
4109	57	53	29	25
4110	57	53	25	21
4111	57	53	21	17
4112	57	53	17	13
4113	57	53	13	9
4114	56	52	48	44
4115	56	52	44	40
4116	56	52	40	36
4117	56	52	36	32
4118	56	52	32	28
4119	56	52	28	24
4120	56	52	24	20
4121	56	52	20	16
4122	56	52	16	12
4123	56	52	12	8
4124	55	51	47	43
4125	55	51	43	39
4126	55	51	39	35
4127	55	51	35	31
4128	55	51	31	27
4129	55	51	27	23
4130	55	51	23	19
4131	55	51	19	15
4132	55	51	15	11
4133	55	51	11	7
4134	54	50	46	42
4135	54	50	42	38
4136	54	50	38	34
4137	54	50	34	30
4138	54	50	30	26
4139	54	50	26	22
4140	54	50	22	18
4141	54	50	18	14
4142	54	50	14	10
4143	54	50	10	6
4144	53	49	45	41
4145	53	49	41	37
4146	53	49	37	33
4147	53	49	33	29
4148	53	49	29	25
4149	53	49	25	21
4150	53	49	21	17
4151	53	49	17	13
4152	53	49	13	9
4153	53	49	9	5
4154	52	48	44	40
4155	52	48	40	36
4156	52	48	36	32
4157	52	48	32	28
4158	52	48	28	24
4159	52	48	24	20
4160	52	48	20	16
4161	52	48	16	12
4162	52	48	12	8
4163	52	48	8	4
4164	51	47	43	39
4165	51	47	39	35
4166	51	47	35	31
4167	51	47	31	27
4168	51	47	27	23
4169	51	47	23	19
4170	51	47	19	15
4171	51	47	15	11
4172	51	47	11	7
4173	51	47	7	3
4174	50	46	42	38
4175	50	46	38	34
4176	50	46	34	30
4177	50	46	30	26
4178	50	46	26	22
4179	50	46	22	18
4180	50	46	18	14
4181	50	46	14	10
4182	50	46	10	6
4183	50	46	6	2
4184	49	45	41	37
4185	49	45	37	33
4186	49	45	33	29
4187	49	45	29	25
4188	49	45	25	21
4189	49	45	21	17
4190	49	45	17	13
4191	49	45	13	9
4192	49	45	9	5
4193	49	45	5	1
4194	48	44	40	36
4195	48	44	36	32
4196	48	44	32	28
4197	48	44	28	24
4198	48	44	24	20
4199	48	44	20	16
4200	48	44	16	12
4201	48	44	12	8
4202	48	44	8	4
4203	47	43	39	35
4204	47	43	35	31
4205	47	43	31	27
4206	47	43	27	23
4207	47	43	23	19
4208	47	43	19	15
4209	47	43	15	11
4210	47	43	11	7
4211	47	43	7	3
4212	46	42	38	34
4213	46	42	34	30
4214	46	42	30	26
4215	46	42	26	22
4216	46	42	22	18
4217	46	42	18	14
4218	46	42	14	10
4219	46	42	10	6
4220	46	42	6	2
4221	45	41	37	33
4222	45	41	33	29
4223	45	41	29	25
4224	45	41	25	21
4225	45	41	21	17
4226	45	41	17	13
4227	45	41	13	9
4228	45	41	9	5
4229	45	41	5	1
4230	44	40	36	32
4231	44	40	32	28
4232	44	40	28	24
4233	44	40	24	20
4234	44	40	20	16
4235	44	40	16	12
4236	44	40	12	8
4237	44	40	8	4
4238	43	39	35	31
4239	43	39	31	27
4240	43	39	27	23
4241	43	39	23	19
4242	43	39	19	15
4243	43	39	15	11
4244	43	39	11	7
4245	43	39	7	3
4246	42	38	34	30
4247	42	38	30	26
4248	42	38	26	22
4249	42	38	22	18
4250	42	38	18	14
4251	42	38	14	10
4252	42	38	10	6
4253	42	38	6	2
4254	41	37	33	29
4255	41	37	29	25
4256	41	37	25	21
4257	41	37	21	17
4258	41	37	17	13
4259	41	37	13	9
4260	41	37	9	5
4261	41	37	5	1
4262	40	36	32	28
4263	40	36	28	24
4264	40	36	24	20
4265	40	36	20	16
4266	40	36	16	12
4267	40	36	12	8
4268	40	36	8	4
4269	39	35	31	27
4270	39	35	27	23
4271	39	35	23	19
4272	39	35	19	15
4273	39	35	15	11
4274	39	35	11	7
4275	39	35	7	3
4276	38	34	30	26
4277	38	34	26	22
4278	38	34	22	18
4279	38	34	18	14
4280	38	34	14	10
4281	38	34	10	6
4282	38	34	6	2
4283	37	33	29	25
4284	37	33	25	21
4285	37	33	21	17
4286	37	33	17	13
4287	37	33	13	9
4288	37	33	9	5
4289	37	33	5	1
4290	72	67	62	57
4291	72	67	57	52
4292	72	67	52	47
4293	72	67	47	42
4294	72	67	42	37
4295	72	67	37	32
4296	72	67	32	27
4297	72	67	27	22
4298	72	67	22	17
4299	72	67	17	12
4300	71	66	61	56
4301	71	66	56	51
4302	71	66	51	46
4303	71	66	46	41
4304	71	66	41	36
4305	71	66	36	31
4306	71	66	31	26
4307	71	66	26	21
4308	71	66	21	16
4309	71	66	16	11
4310	70	65	60	55
4311	70	65	55	50
4312	70	65	50	45
4313	70	65	45	40
4314	70	65	40	35
4315	70	65	35	30
4316	70	65	30	25
4317	70	65	25	20
4318	70	65	20	15
4319	70	65	15	10
4320	69	64	59	54
4321	69	64	54	49
4322	69	64	49	44
4323	69	64	44	39
4324	69	64	39	34
4325	69	64	34	29
4326	69	64	29	24
4327	69	64	24	19
4328	69	64	19	14
4329	69	64	14	9
4330	68	63	58	53
4331	68	63	53	48
4332	68	63	48	43
4333	68	63	43	38
4334	68	63	38	33
4335	68	63	33	28
4336	68	63	28	23
4337	68	63	23	18
4338	68	63	18	13
4339	68	63	13	8
4340	67	62	57	52
4341	67	62	52	47
4342	67	62	47	42
4343	67	62	42	37
4344	67	62	37	32
4345	67	62	32	27
4346	67	62	27	22
4347	67	62	22	17
4348	67	62	17	12
4349	67	62	12	7
4350	66	61	56	51
4351	66	61	51	46
4352	66	61	46	41
4353	66	61	41	36
4354	66	61	36	31
4355	66	61	31	26
4356	66	61	26	21
4357	66	61	21	16
4358	66	61	16	11
4359	66	61	11	6
4360	65	60	55	50
4361	65	60	50	45
4362	65	60	45	40
4363	65	60	40	35
4364	65	60	35	30
4365	65	60	30	25
4366	65	60	25	20
4367	65	60	20	15
4368	65	60	15	10
4369	65	60	10	5
4370	64	59	54	49
4371	64	59	49	44
4372	64	59	44	39
4373	64	59	39	34
4374	64	59	34	29
4375	64	59	29	24
4376	64	59	24	19
4377	64	59	19	14
4378	64	59	14	9
4379	64	59	9	4
4380	63	58	53	48
4381	63	58	48	43
4382	63	58	43	38
4383	63	58	38	33
4384	63	58	33	28
4385	63	58	28	23
4386	63	58	23	18
4387	63	58	18	13
4388	63	58	13	8
4389	63	58	8	3
4390	62	57	52	47
4391	62	57	47	42
4392	62	57	42	37
4393	62	57	37	32
4394	62	57	32	27
4395	62	57	27	22
4396	62	57	22	17
4397	62	57	17	12
4398	62	57	12	7
4399	62	57	7	2
4400	61	56	51	46
4401	61	56	46	41
4402	61	56	41	36
4403	61	56	36	31
4404	61	56	31	26
4405	61	56	26	21
4406	61	56	21	16
4407	61	56	16	11
4408	61	56	11	6
4409	61	56	6	1
4410	60	55	50	45
4411	60	55	45	40
4412	60	55	40	35
4413	60	55	35	30
4414	60	55	30	25
4415	60	55	25	20
4416	60	55	20	15
4417	60	55	15	10
4418	60	55	10	5
4419	59	54	49	44
4420	59	54	44	39
4421	59	54	39	34
4422	59	54	34	29
4423	59	54	29	24
4424	59	54	24	19
4425	59	54	19	14
4426	59	54	14	9
4427	59	54	9	4
4428	58	53	48	43
4429	58	53	43	38
4430	58	53	38	33
4431	58	53	33	28
4432	58	53	28	23
4433	58	53	23	18
4434	58	53	18	13
4435	58	53	13	8
4436	58	53	8	3
4437	57	52	47	42
4438	57	52	42	37
4439	57	52	37	32
4440	57	52	32	27
4441	57	52	27	22
4442	57	52	22	17
4443	57	52	17	12
4444	57	52	12	7
4445	57	52	7	2
4446	56	51	46	41
4447	56	51	41	36
4448	56	51	36	31
4449	56	51	31	26
4450	56	51	26	21
4451	56	51	21	16
4452	56	51	16	11
4453	56	51	11	6
4454	56	51	6	1
4455	55	50	45	40
4456	55	50	40	35
4457	55	50	35	30
4458	55	50	30	25
4459	55	50	25	20
4460	55	50	20	15
4461	55	50	15	10
4462	55	50	10	5
4463	54	49	44	39
4464	54	49	39	34
4465	54	49	34	29
4466	54	49	29	24
4467	54	49	24	19
4468	54	49	19	14
4469	54	49	14	9
4470	54	49	9	4
4471	53	48	43	38
4472	53	48	38	33
4473	53	48	33	28
4474	53	48	28	23
4475	53	48	23	18
4476	53	48	18	13
4477	53	48	13	8
4478	53	48	8	3
4479	52	47	42	37
4480	52	47	37	32
4481	52	47	32	27
4482	52	47	27	22
4483	52	47	22	17
4484	52	47	17	12
4485	52	47	12	7
4486	52	47	7	2
4487	51	46	41	36
4488	51	46	36	31
4489	51	46	31	26
4490	51	46	26	21
4491	51	46	21	16
4492	51	46	16	11
4493	51	46	11	6
4494	51	46	6	1
4495	50	45	40	35
4496	50	45	35	30
4497	50	45	30	25
4498	50	45	25	20
4499	50	45	20	15
4500	50	45	15	10
4501	50	45	10	5
4502	49	44	39	34
4503	49	44	34	29
4504	49	44	29	24
4505	49	44	24	19
4506	49	44	19	14
4507	49	44	14	9
4508	49	44	9	4
4509	48	43	38	33
4510	48	43	33	28
4511	48	43	28	23
4512	48	43	23	18
4513	48	43	18	13
4514	48	43	13	8
4515	48	43	8	3
4516	47	42	37	32
4517	47	42	32	27
4518	47	42	27	22
4519	47	42	22	17
4520	47	42	17	12
4521	47	42	12	7
4522	47	42	7	2
4523	46	41	36	31
4524	46	41	31	26
4525	46	41	26	21
4526	46	41	21	16
4527	46	41	16	11
4528	46	41	11	6
4529	46	41	6	1
4530	72	66	60	54
4531	72	66	54	48
4532	72	66	48	42
4533	72	66	42	36
4534	72	66	36	30
4535	72	66	30	24
4536	72	66	24	18
4537	72	66	18	12
4538	72	66	12	6
4539	71	65	59	53
4540	71	65	53	47
4541	71	65	47	41
4542	71	65	41	35
4543	71	65	35	29
4544	71	65	29	23
4545	71	65	23	17
4546	71	65	17	11
4547	71	65	11	5
4548	70	64	58	52
4549	70	64	52	46
4550	70	64	46	40
4551	70	64	40	34
4552	70	64	34	28
4553	70	64	28	22
4554	70	64	22	16
4555	70	64	16	10
4556	70	64	10	4
4557	69	63	57	51
4558	69	63	51	45
4559	69	63	45	39
4560	69	63	39	33
4561	69	63	33	27
4562	69	63	27	21
4563	69	63	21	15
4564	69	63	15	9
4565	69	63	9	3
4566	68	62	56	50
4567	68	62	50	44
4568	68	62	44	38
4569	68	62	38	32
4570	68	62	32	26
4571	68	62	26	20
4572	68	62	20	14
4573	68	62	14	8
4574	68	62	8	2
4575	67	61	55	49
4576	67	61	49	43
4577	67	61	43	37
4578	67	61	37	31
4579	67	61	31	25
4580	67	61	25	19
4581	67	61	19	13
4582	67	61	13	7
4583	67	61	7	1
4584	66	60	54	48
4585	66	60	48	42
4586	66	60	42	36
4587	66	60	36	30
4588	66	60	30	24
4589	66	60	24	18
4590	66	60	18	12
4591	66	60	12	6
4592	65	59	53	47
4593	65	59	47	41
4594	65	59	41	35
4595	65	59	35	29
4596	65	59	29	23
4597	65	59	23	17
4598	65	59	17	11
4599	65	59	11	5
4600	64	58	52	46
4601	64	58	46	40
4602	64	58	40	34
4603	64	58	34	28
4604	64	58	28	22
4605	64	58	22	16
4606	64	58	16	10
4607	64	58	10	4
4608	63	57	51	45
4609	63	57	45	39
4610	63	57	39	33
4611	63	57	33	27
4612	63	57	27	21
4613	63	57	21	15
4614	63	57	15	9
4615	63	57	9	3
4616	62	56	50	44
4617	62	56	44	38
4618	62	56	38	32
4619	62	56	32	26
4620	62	56	26	20
4621	62	56	20	14
4622	62	56	14	8
4623	62	56	8	2
4624	61	55	49	43
4625	61	55	43	37
4626	61	55	37	31
4627	61	55	31	25
4628	61	55	25	19
4629	61	55	19	13
4630	61	55	13	7
4631	61	55	7	1
4632	60	54	48	42
4633	60	54	42	36
4634	60	54	36	30
4635	60	54	30	24
4636	60	54	24	18
4637	60	54	18	12
4638	60	54	12	6
4639	59	53	47	41
4640	59	53	41	35
4641	59	53	35	29
4642	59	53	29	23
4643	59	53	23	17
4644	59	53	17	11
4645	59	53	11	5
4646	58	52	46	40
4647	58	52	40	34
4648	58	52	34	28
4649	58	52	28	22
4650	58	52	22	16
4651	58	52	16	10
4652	58	52	10	4
4653	57	51	45	39
4654	57	51	39	33
4655	57	51	33	27
4656	57	51	27	21
4657	57	51	21	15
4658	57	51	15	9
4659	57	51	9	3
4660	56	50	44	38
4661	56	50	38	32
4662	56	50	32	26
4663	56	50	26	20
4664	56	50	20	14
4665	56	50	14	8
4666	56	50	8	2
4667	55	49	43	37
4668	55	49	37	31
4669	55	49	31	25
4670	55	49	25	19
4671	55	49	19	13
4672	55	49	13	7
4673	55	49	7	1
4674	72	65	58	51
4675	72	65	51	44
4676	72	65	44	37
4677	72	65	37	30
4678	72	65	30	23
4679	72	65	23	16
4680	72	65	16	9
4681	72	65	9	2
4682	71	64	57	50
4683	71	64	50	43
4684	71	64	43	36
4685	71	64	36	29
4686	71	64	29	22
4687	71	64	22	15
4688	71	64	15	8
4689	71	64	8	1
4690	70	63	56	49
4691	70	63	49	42
4692	70	63	42	35
4693	70	63	35	28
4694	70	63	28	21
4695	70	63	21	14
4696	70	63	14	7
4697	69	62	55	48
4698	69	62	48	41
4699	69	62	41	34
4700	69	62	34	27
4701	69	62	27	20
4702	69	62	20	13
4703	69	62	13	6
4704	68	61	54	47
4705	68	61	47	40
4706	68	61	40	33
4707	68	61	33	26
4708	68	61	26	19
4709	68	61	19	12
4710	68	61	12	5
4711	67	60	53	46
4712	67	60	46	39
4713	67	60	39	32
4714	67	60	32	25
4715	67	60	25	18
4716	67	60	18	11
4717	67	60	11	4
4718	66	59	52	45
4719	66	59	45	38
4720	66	59	38	31
4721	66	59	31	24
4722	66	59	24	17
4723	66	59	17	10
4724	66	59	10	3
4725	65	58	51	44
4726	65	58	44	37
4727	65	58	37	30
4728	65	58	30	23
4729	65	58	23	16
4730	65	58	16	9
4731	65	58	9	2
4732	64	57	50	43
4733	64	57	43	36
4734	64	57	36	29
4735	64	57	29	22
4736	64	57	22	15
4737	64	57	15	8
4738	64	57	8	1
