TEM-FAST 48 HPC/S2  Date:	Sat Jan 01 00:09:07 2000
Place:	LINEA 3
#Set	 L3_01
Time-Range	 7	Stacks	 10	 deff= 6 mcs	 I=2.2 A	 FILTR=50 Hz
T-LOOP (m)	 50.000	 R-LOOP (m)	 50.000	TURN=	    1
Comments:	 
Location:x=	      +0.000	 y=	      +0.000	 z=	   +0.00
Channel	Time	E/I[V/A]	Err[V/A]
 1	  4.06	7.324e-002	7.259e-005
 2	  5.07	4.588e-002	6.566e-005
 3	  6.07	1.557e+000	1.003e-003
 4	  7.08	1.908e+000	1.078e-003
 5	  8.52	1.430e+000	6.906e-004
 6	 10.53	9.963e-001	4.651e-004
 7	 12.55	7.580e-001	3.524e-004
 8	 14.56	5.814e-001	2.711e-004
 9	 17.44	3.997e-001	1.910e-004
10	 21.46	2.529e-001	1.240e-004
11	 25.49	1.664e-001	8.488e-005
12	 29.50	1.138e-001	5.940e-005
13	 35.28	6.967e-002	3.631e-005
14	 43.30	3.875e-002	2.068e-005
15	 51.40	2.360e-002	1.465e-005
16	 59.41	1.536e-002	1.231e-005
17	 70.95	9.127e-003	9.851e-006
18	 87.07	4.993e-003	1.224e-005
19	103.16	3.006e-003	4.413e-006
20	119.22	1.955e-003	5.709e-006
21	142.33	1.109e-003	4.530e-006
22	174.54	5.735e-004	2.352e-006
23	206.71	3.129e-004	2.389e-006
24	238.83	1.871e-004	2.173e-006
25	285.04	9.106e-005	1.059e-006
26	350.00	4.070e-005	1.115e-006
27	413.83	1.668e-005	1.047e-006
28	478.06	8.090e-006	9.269e-007
29	570.47	2.670e-006	6.226e-007
30	699.41	2.007e-006	5.950e-007
31	828.06	1.594e-006	5.483e-007
32	956.53	2.706e-007	8.058e-007
33	1140.9	-2.971e-007	4.386e-007
34	1398.8	1.638e-007	3.622e-007
35	1656.1	8.759e-007	3.297e-007
36	1913.1	-6.550e-008	3.070e-007
37	2281.9	8.926e-008	2.279e-007
38	2797.6	-4.611e-008	2.320e-007
39	3312.2	5.186e-007	2.192e-007
40	3826.1	2.657e-007	2.251e-007
