#	X	Y	Z
1	0	0	0
2	1	0	0
3	2	0	0
4	3	0	0
5	4	0	0
6	5	0	0
7	6	0	0
8	7	0	0
9	8	0	0
10	9	0	0
11	10	0	0
12	11	0	0
13	12	0	0
14	13	0	0
15	14	0	0
16	15	0	0
17	16	0	0
18	17	0	0
19	18	0	0
20	19	0	0
21	20	0	0
22	21	0	0
23	22	0	0
24	23	0	0
25	24	0	0
26	25	0	0
27	26	0	0
28	27	0	0
29	28	0	0
30	29	0	0
31	30	0	0
32	31	0	0
33	32	0	0
34	33	0	0
35	34	0	0
36	35	0	0
37	36	0	0
38	37	0	0
39	38	0	0
40	39	0	0
41	40	0	0
42	41	0	0
43	42	0	0
44	43	0	0
45	44	0	0
46	45	0	0
47	46	0	0
48	47	0	0
49	48	0	0
50	49	0	0
51	50	0	0
52	51	0	0
53	52	0	0
54	53	0	0
55	54	0	0
56	55	0	0
57	56	0	0
58	57	0	0
59	58	0	0
60	59	0	0
61	60	0	0
62	61	0	0
63	62	0	0
64	63	0	0
65	64	0	0
66	65	0	0
67	66	0	0
68	67	0	0
69	68	0	0
70	69	0	0
71	70	0	0
72	71	0	0
#	A	B	M	N
1	37	38	48	49
2	38	39	48	49
3	38	39	49	50
4	39	40	48	49
5	39	40	49	50
6	39	40	50	51
7	40	41	42	43
8	40	41	43	44
9	40	41	44	45
10	40	41	45	46
11	40	41	46	47
12	40	41	47	48
13	40	41	48	49
14	40	41	49	50
15	40	41	50	51
16	40	41	51	52
17	41	42	43	44
18	41	42	44	45
19	41	42	45	46
20	41	42	46	47
21	41	42	47	48
22	41	42	48	49
23	41	42	49	50
24	41	42	50	51
25	41	42	51	52
26	41	42	52	53
27	42	43	44	45
28	42	43	45	46
29	42	43	46	47
30	42	43	47	48
31	42	43	48	49
32	42	43	49	50
33	42	43	50	51
34	42	43	51	52
35	42	43	52	53
36	42	43	53	54
37	43	44	45	46
38	43	44	46	47
39	43	44	47	48
40	43	44	48	49
41	43	44	49	50
42	43	44	50	51
43	43	44	51	52
44	43	44	52	53
45	43	44	53	54
46	43	44	54	55
47	44	45	46	47
48	44	45	47	48
49	44	45	48	49
50	44	45	49	50
51	44	45	50	51
52	44	45	51	52
53	44	45	52	53
54	44	45	53	54
55	44	45	54	55
56	44	45	55	56
57	45	46	47	48
58	45	46	48	49
59	45	46	49	50
60	45	46	50	51
61	45	46	51	52
62	45	46	52	53
63	45	46	53	54
64	45	46	54	55
65	45	46	55	56
66	45	46	56	57
67	46	47	48	49
68	46	47	49	50
69	46	47	50	51
70	46	47	51	52
71	46	47	52	53
72	46	47	53	54
73	46	47	54	55
74	46	47	55	56
75	46	47	56	57
76	46	47	57	58
77	47	48	49	50
78	47	48	50	51
79	47	48	51	52
80	47	48	52	53
81	47	48	53	54
82	47	48	54	55
83	47	48	55	56
84	47	48	56	57
85	47	48	57	58
86	47	48	58	59
87	48	49	50	51
88	48	49	51	52
89	48	49	52	53
90	48	49	53	54
91	48	49	54	55
92	48	49	55	56
93	48	49	56	57
94	48	49	57	58
95	48	49	58	59
96	48	49	59	60
97	49	50	51	52
98	49	50	52	53
99	49	50	53	54
100	49	50	54	55
101	49	50	55	56
102	49	50	56	57
103	49	50	57	58
104	49	50	58	59
105	49	50	59	60
106	49	50	60	61
107	50	51	52	53
108	50	51	53	54
109	50	51	54	55
110	50	51	55	56
111	50	51	56	57
112	50	51	57	58
113	50	51	58	59
114	50	51	59	60
115	50	51	60	61
116	50	51	61	62
117	51	52	53	54
118	51	52	54	55
119	51	52	55	56
120	51	52	56	57
121	51	52	57	58
122	51	52	58	59
123	51	52	59	60
124	51	52	60	61
125	51	52	61	62
126	51	52	62	63
127	52	53	54	55
128	52	53	55	56
129	52	53	56	57
130	52	53	57	58
131	52	53	58	59
132	52	53	59	60
133	52	53	60	61
134	52	53	61	62
135	52	53	62	63
136	52	53	63	64
137	53	54	55	56
138	53	54	56	57
139	53	54	57	58
140	53	54	58	59
141	53	54	59	60
142	53	54	60	61
143	53	54	61	62
144	53	54	62	63
145	53	54	63	64
146	53	54	64	65
147	54	55	56	57
148	54	55	57	58
149	54	55	58	59
150	54	55	59	60
151	54	55	60	61
152	54	55	61	62
153	54	55	62	63
154	54	55	63	64
155	54	55	64	65
156	54	55	65	66
157	55	56	57	58
158	55	56	58	59
159	55	56	59	60
160	55	56	60	61
161	55	56	61	62
162	55	56	62	63
163	55	56	63	64
164	55	56	64	65
165	55	56	65	66
166	55	56	66	67
167	56	57	58	59
168	56	57	59	60
169	56	57	60	61
170	56	57	61	62
171	56	57	62	63
172	56	57	63	64
173	56	57	64	65
174	56	57	65	66
175	56	57	66	67
176	56	57	67	68
177	57	58	59	60
178	57	58	60	61
179	57	58	61	62
180	57	58	62	63
181	57	58	63	64
182	57	58	64	65
183	57	58	65	66
184	57	58	66	67
185	57	58	67	68
186	57	58	68	69
187	58	59	60	61
188	58	59	61	62
189	58	59	62	63
190	58	59	63	64
191	58	59	64	65
192	58	59	65	66
193	58	59	66	67
194	58	59	67	68
195	58	59	68	69
196	58	59	69	70
197	59	60	61	62
198	59	60	62	63
199	59	60	63	64
200	59	60	64	65
201	59	60	65	66
202	59	60	66	67
203	59	60	67	68
204	59	60	68	69
205	59	60	69	70
206	59	60	70	71
207	60	61	62	63
208	60	61	63	64
209	60	61	64	65
210	60	61	65	66
211	60	61	66	67
212	60	61	67	68
213	60	61	68	69
214	60	61	69	70
215	60	61	70	71
216	60	61	71	72
217	61	62	63	64
218	61	62	64	65
219	61	62	65	66
220	61	62	66	67
221	61	62	67	68
222	61	62	68	69
223	61	62	69	70
224	61	62	70	71
225	61	62	71	72
226	62	63	64	65
227	62	63	65	66
228	62	63	66	67
229	62	63	67	68
230	62	63	68	69
231	62	63	69	70
232	62	63	70	71
233	62	63	71	72
234	63	64	65	66
235	63	64	66	67
236	63	64	67	68
237	63	64	68	69
238	63	64	69	70
239	63	64	70	71
240	63	64	71	72
241	25	27	47	49
242	26	28	48	50
243	27	29	47	49
244	27	29	49	51
245	28	30	48	50
246	28	30	50	52
247	29	31	47	49
248	29	31	49	51
249	29	31	51	53
250	30	32	48	50
251	30	32	50	52
252	30	32	52	54
253	31	33	35	37
254	31	33	37	39
255	31	33	39	41
256	31	33	41	43
257	31	33	43	45
258	31	33	45	47
259	31	33	47	49
260	31	33	49	51
261	31	33	51	53
262	31	33	53	55
263	32	34	36	38
264	32	34	38	40
265	32	34	40	42
266	32	34	42	44
267	32	34	44	46
268	32	34	46	48
269	32	34	48	50
270	32	34	50	52
271	32	34	52	54
272	32	34	54	56
273	33	35	37	39
274	33	35	39	41
275	33	35	41	43
276	33	35	43	45
277	33	35	45	47
278	33	35	47	49
279	33	35	49	51
280	33	35	51	53
281	33	35	53	55
282	33	35	55	57
283	34	36	38	40
284	34	36	40	42
285	34	36	42	44
286	34	36	44	46
287	34	36	46	48
288	34	36	48	50
289	34	36	50	52
290	34	36	52	54
291	34	36	54	56
292	34	36	56	58
293	35	37	39	41
294	35	37	41	43
295	35	37	43	45
296	35	37	45	47
297	35	37	47	49
298	35	37	49	51
299	35	37	51	53
300	35	37	53	55
301	35	37	55	57
302	35	37	57	59
303	36	38	40	42
304	36	38	42	44
305	36	38	44	46
306	36	38	46	48
307	36	38	48	50
308	36	38	50	52
309	36	38	52	54
310	36	38	54	56
311	36	38	56	58
312	36	38	58	60
313	37	39	41	43
314	37	39	43	45
315	37	39	45	47
316	37	39	47	49
317	37	39	49	51
318	37	39	51	53
319	37	39	53	55
320	37	39	55	57
321	37	39	57	59
322	37	39	59	61
323	38	40	42	44
324	38	40	44	46
325	38	40	46	48
326	38	40	48	50
327	38	40	50	52
328	38	40	52	54
329	38	40	54	56
330	38	40	56	58
331	38	40	58	60
332	38	40	60	62
333	39	41	43	45
334	39	41	45	47
335	39	41	47	49
336	39	41	49	51
337	39	41	51	53
338	39	41	53	55
339	39	41	55	57
340	39	41	57	59
341	39	41	59	61
342	39	41	61	63
343	40	42	44	46
344	40	42	46	48
345	40	42	48	50
346	40	42	50	52
347	40	42	52	54
348	40	42	54	56
349	40	42	56	58
350	40	42	58	60
351	40	42	60	62
352	40	42	62	64
353	41	43	45	47
354	41	43	47	49
355	41	43	49	51
356	41	43	51	53
357	41	43	53	55
358	41	43	55	57
359	41	43	57	59
360	41	43	59	61
361	41	43	61	63
362	41	43	63	65
363	42	44	46	48
364	42	44	48	50
365	42	44	50	52
366	42	44	52	54
367	42	44	54	56
368	42	44	56	58
369	42	44	58	60
370	42	44	60	62
371	42	44	62	64
372	42	44	64	66
373	43	45	47	49
374	43	45	49	51
375	43	45	51	53
376	43	45	53	55
377	43	45	55	57
378	43	45	57	59
379	43	45	59	61
380	43	45	61	63
381	43	45	63	65
382	43	45	65	67
383	44	46	48	50
384	44	46	50	52
385	44	46	52	54
386	44	46	54	56
387	44	46	56	58
388	44	46	58	60
389	44	46	60	62
390	44	46	62	64
391	44	46	64	66
392	44	46	66	68
393	45	47	49	51
394	45	47	51	53
395	45	47	53	55
396	45	47	55	57
397	45	47	57	59
398	45	47	59	61
399	45	47	61	63
400	45	47	63	65
401	45	47	65	67
402	45	47	67	69
403	46	48	50	52
404	46	48	52	54
405	46	48	54	56
406	46	48	56	58
407	46	48	58	60
408	46	48	60	62
409	46	48	62	64
410	46	48	64	66
411	46	48	66	68
412	46	48	68	70
413	47	49	51	53
414	47	49	53	55
415	47	49	55	57
416	47	49	57	59
417	47	49	59	61
418	47	49	61	63
419	47	49	63	65
420	47	49	65	67
421	47	49	67	69
422	47	49	69	71
423	48	50	52	54
424	48	50	54	56
425	48	50	56	58
426	48	50	58	60
427	48	50	60	62
428	48	50	62	64
429	48	50	64	66
430	48	50	66	68
431	48	50	68	70
432	48	50	70	72
433	49	51	53	55
434	49	51	55	57
435	49	51	57	59
436	49	51	59	61
437	49	51	61	63
438	49	51	63	65
439	49	51	65	67
440	49	51	67	69
441	49	51	69	71
442	50	52	54	56
443	50	52	56	58
444	50	52	58	60
445	50	52	60	62
446	50	52	62	64
447	50	52	64	66
448	50	52	66	68
449	50	52	68	70
450	50	52	70	72
451	51	53	55	57
452	51	53	57	59
453	51	53	59	61
454	51	53	61	63
455	51	53	63	65
456	51	53	65	67
457	51	53	67	69
458	51	53	69	71
459	52	54	56	58
460	52	54	58	60
461	52	54	60	62
462	52	54	62	64
463	52	54	64	66
464	52	54	66	68
465	52	54	68	70
466	52	54	70	72
467	53	55	57	59
468	53	55	59	61
469	53	55	61	63
470	53	55	63	65
471	53	55	65	67
472	53	55	67	69
473	53	55	69	71
474	54	56	58	60
475	54	56	60	62
476	54	56	62	64
477	54	56	64	66
478	54	56	66	68
479	54	56	68	70
480	54	56	70	72
481	13	16	46	49
482	14	17	47	50
483	15	18	48	51
484	16	19	46	49
485	16	19	49	52
486	17	20	47	50
487	17	20	50	53
488	18	21	48	51
489	18	21	51	54
490	19	22	46	49
491	19	22	49	52
492	19	22	52	55
493	20	23	47	50
494	20	23	50	53
495	20	23	53	56
496	21	24	48	51
497	21	24	51	54
498	21	24	54	57
499	22	25	28	31
500	22	25	31	34
501	22	25	34	37
502	22	25	37	40
503	22	25	40	43
504	22	25	43	46
505	22	25	46	49
506	22	25	49	52
507	22	25	52	55
508	22	25	55	58
509	23	26	29	32
510	23	26	32	35
511	23	26	35	38
512	23	26	38	41
513	23	26	41	44
514	23	26	44	47
515	23	26	47	50
516	23	26	50	53
517	23	26	53	56
518	23	26	56	59
519	24	27	30	33
520	24	27	33	36
521	24	27	36	39
522	24	27	39	42
523	24	27	42	45
524	24	27	45	48
525	24	27	48	51
526	24	27	51	54
527	24	27	54	57
528	24	27	57	60
529	25	28	31	34
530	25	28	34	37
531	25	28	37	40
532	25	28	40	43
533	25	28	43	46
534	25	28	46	49
535	25	28	49	52
536	25	28	52	55
537	25	28	55	58
538	25	28	58	61
539	26	29	32	35
540	26	29	35	38
541	26	29	38	41
542	26	29	41	44
543	26	29	44	47
544	26	29	47	50
545	26	29	50	53
546	26	29	53	56
547	26	29	56	59
548	26	29	59	62
549	27	30	33	36
550	27	30	36	39
551	27	30	39	42
552	27	30	42	45
553	27	30	45	48
554	27	30	48	51
555	27	30	51	54
556	27	30	54	57
557	27	30	57	60
558	27	30	60	63
559	28	31	34	37
560	28	31	37	40
561	28	31	40	43
562	28	31	43	46
563	28	31	46	49
564	28	31	49	52
565	28	31	52	55
566	28	31	55	58
567	28	31	58	61
568	28	31	61	64
569	29	32	35	38
570	29	32	38	41
571	29	32	41	44
572	29	32	44	47
573	29	32	47	50
574	29	32	50	53
575	29	32	53	56
576	29	32	56	59
577	29	32	59	62
578	29	32	62	65
579	30	33	36	39
580	30	33	39	42
581	30	33	42	45
582	30	33	45	48
583	30	33	48	51
584	30	33	51	54
585	30	33	54	57
586	30	33	57	60
587	30	33	60	63
588	30	33	63	66
589	31	34	37	40
590	31	34	40	43
591	31	34	43	46
592	31	34	46	49
593	31	34	49	52
594	31	34	52	55
595	31	34	55	58
596	31	34	58	61
597	31	34	61	64
598	31	34	64	67
599	32	35	38	41
600	32	35	41	44
601	32	35	44	47
602	32	35	47	50
603	32	35	50	53
604	32	35	53	56
605	32	35	56	59
606	32	35	59	62
607	32	35	62	65
608	32	35	65	68
609	33	36	39	42
610	33	36	42	45
611	33	36	45	48
612	33	36	48	51
613	33	36	51	54
614	33	36	54	57
615	33	36	57	60
616	33	36	60	63
617	33	36	63	66
618	33	36	66	69
619	34	37	40	43
620	34	37	43	46
621	34	37	46	49
622	34	37	49	52
623	34	37	52	55
624	34	37	55	58
625	34	37	58	61
626	34	37	61	64
627	34	37	64	67
628	34	37	67	70
629	35	38	41	44
630	35	38	44	47
631	35	38	47	50
632	35	38	50	53
633	35	38	53	56
634	35	38	56	59
635	35	38	59	62
636	35	38	62	65
637	35	38	65	68
638	35	38	68	71
639	36	39	42	45
640	36	39	45	48
641	36	39	48	51
642	36	39	51	54
643	36	39	54	57
644	36	39	57	60
645	36	39	60	63
646	36	39	63	66
647	36	39	66	69
648	36	39	69	72
649	37	40	43	46
650	37	40	46	49
651	37	40	49	52
652	37	40	52	55
653	37	40	55	58
654	37	40	58	61
655	37	40	61	64
656	37	40	64	67
657	37	40	67	70
658	38	41	44	47
659	38	41	47	50
660	38	41	50	53
661	38	41	53	56
662	38	41	56	59
663	38	41	59	62
664	38	41	62	65
665	38	41	65	68
666	38	41	68	71
667	39	42	45	48
668	39	42	48	51
669	39	42	51	54
670	39	42	54	57
671	39	42	57	60
672	39	42	60	63
673	39	42	63	66
674	39	42	66	69
675	39	42	69	72
676	40	43	46	49
677	40	43	49	52
678	40	43	52	55
679	40	43	55	58
680	40	43	58	61
681	40	43	61	64
682	40	43	64	67
683	40	43	67	70
684	41	44	47	50
685	41	44	50	53
686	41	44	53	56
687	41	44	56	59
688	41	44	59	62
689	41	44	62	65
690	41	44	65	68
691	41	44	68	71
692	42	45	48	51
693	42	45	51	54
694	42	45	54	57
695	42	45	57	60
696	42	45	60	63
697	42	45	63	66
698	42	45	66	69
699	42	45	69	72
700	43	46	49	52
701	43	46	52	55
702	43	46	55	58
703	43	46	58	61
704	43	46	61	64
705	43	46	64	67
706	43	46	67	70
707	44	47	50	53
708	44	47	53	56
709	44	47	56	59
710	44	47	59	62
711	44	47	62	65
712	44	47	65	68
713	44	47	68	71
714	45	48	51	54
715	45	48	54	57
716	45	48	57	60
717	45	48	60	63
718	45	48	63	66
719	45	48	66	69
720	45	48	69	72
721	1	5	45	49
722	2	6	46	50
723	3	7	47	51
724	4	8	48	52
725	5	9	45	49
726	5	9	49	53
727	6	10	46	50
728	6	10	50	54
729	7	11	47	51
730	7	11	51	55
731	8	12	48	52
732	8	12	52	56
733	9	13	45	49
734	9	13	49	53
735	9	13	53	57
736	10	14	46	50
737	10	14	50	54
738	10	14	54	58
739	11	15	47	51
740	11	15	51	55
741	11	15	55	59
742	12	16	48	52
743	12	16	52	56
744	12	16	56	60
745	13	17	21	25
746	13	17	25	29
747	13	17	29	33
748	13	17	33	37
749	13	17	37	41
750	13	17	41	45
751	13	17	45	49
752	13	17	49	53
753	13	17	53	57
754	13	17	57	61
755	14	18	22	26
756	14	18	26	30
757	14	18	30	34
758	14	18	34	38
759	14	18	38	42
760	14	18	42	46
761	14	18	46	50
762	14	18	50	54
763	14	18	54	58
764	14	18	58	62
765	15	19	23	27
766	15	19	27	31
767	15	19	31	35
768	15	19	35	39
769	15	19	39	43
770	15	19	43	47
771	15	19	47	51
772	15	19	51	55
773	15	19	55	59
774	15	19	59	63
775	16	20	24	28
776	16	20	28	32
777	16	20	32	36
778	16	20	36	40
779	16	20	40	44
780	16	20	44	48
781	16	20	48	52
782	16	20	52	56
783	16	20	56	60
784	16	20	60	64
785	17	21	25	29
786	17	21	29	33
787	17	21	33	37
788	17	21	37	41
789	17	21	41	45
790	17	21	45	49
791	17	21	49	53
792	17	21	53	57
793	17	21	57	61
794	17	21	61	65
795	18	22	26	30
796	18	22	30	34
797	18	22	34	38
798	18	22	38	42
799	18	22	42	46
800	18	22	46	50
801	18	22	50	54
802	18	22	54	58
803	18	22	58	62
804	18	22	62	66
805	19	23	27	31
806	19	23	31	35
807	19	23	35	39
808	19	23	39	43
809	19	23	43	47
810	19	23	47	51
811	19	23	51	55
812	19	23	55	59
813	19	23	59	63
814	19	23	63	67
815	20	24	28	32
816	20	24	32	36
817	20	24	36	40
818	20	24	40	44
819	20	24	44	48
820	20	24	48	52
821	20	24	52	56
822	20	24	56	60
823	20	24	60	64
824	20	24	64	68
825	21	25	29	33
826	21	25	33	37
827	21	25	37	41
828	21	25	41	45
829	21	25	45	49
830	21	25	49	53
831	21	25	53	57
832	21	25	57	61
833	21	25	61	65
834	21	25	65	69
835	22	26	30	34
836	22	26	34	38
837	22	26	38	42
838	22	26	42	46
839	22	26	46	50
840	22	26	50	54
841	22	26	54	58
842	22	26	58	62
843	22	26	62	66
844	22	26	66	70
845	23	27	31	35
846	23	27	35	39
847	23	27	39	43
848	23	27	43	47
849	23	27	47	51
850	23	27	51	55
851	23	27	55	59
852	23	27	59	63
853	23	27	63	67
854	23	27	67	71
855	24	28	32	36
856	24	28	36	40
857	24	28	40	44
858	24	28	44	48
859	24	28	48	52
860	24	28	52	56
861	24	28	56	60
862	24	28	60	64
863	24	28	64	68
864	24	28	68	72
865	25	29	33	37
866	25	29	37	41
867	25	29	41	45
868	25	29	45	49
869	25	29	49	53
870	25	29	53	57
871	25	29	57	61
872	25	29	61	65
873	25	29	65	69
874	26	30	34	38
875	26	30	38	42
876	26	30	42	46
877	26	30	46	50
878	26	30	50	54
879	26	30	54	58
880	26	30	58	62
881	26	30	62	66
882	26	30	66	70
883	27	31	35	39
884	27	31	39	43
885	27	31	43	47
886	27	31	47	51
887	27	31	51	55
888	27	31	55	59
889	27	31	59	63
890	27	31	63	67
891	27	31	67	71
892	28	32	36	40
893	28	32	40	44
894	28	32	44	48
895	28	32	48	52
896	28	32	52	56
897	28	32	56	60
898	28	32	60	64
899	28	32	64	68
900	28	32	68	72
901	29	33	37	41
902	29	33	41	45
903	29	33	45	49
904	29	33	49	53
905	29	33	53	57
906	29	33	57	61
907	29	33	61	65
908	29	33	65	69
909	30	34	38	42
910	30	34	42	46
911	30	34	46	50
912	30	34	50	54
913	30	34	54	58
914	30	34	58	62
915	30	34	62	66
916	30	34	66	70
917	31	35	39	43
918	31	35	43	47
919	31	35	47	51
920	31	35	51	55
921	31	35	55	59
922	31	35	59	63
923	31	35	63	67
924	31	35	67	71
925	32	36	40	44
926	32	36	44	48
927	32	36	48	52
928	32	36	52	56
929	32	36	56	60
930	32	36	60	64
931	32	36	64	68
932	32	36	68	72
933	33	37	41	45
934	33	37	45	49
935	33	37	49	53
936	33	37	53	57
937	33	37	57	61
938	33	37	61	65
939	33	37	65	69
940	34	38	42	46
941	34	38	46	50
942	34	38	50	54
943	34	38	54	58
944	34	38	58	62
945	34	38	62	66
946	34	38	66	70
947	35	39	43	47
948	35	39	47	51
949	35	39	51	55
950	35	39	55	59
951	35	39	59	63
952	35	39	63	67
953	35	39	67	71
954	36	40	44	48
955	36	40	48	52
956	36	40	52	56
957	36	40	56	60
958	36	40	60	64
959	36	40	64	68
960	36	40	68	72
961	1	6	46	51
962	1	6	51	56
963	1	6	56	61
964	2	7	47	52
965	2	7	52	57
966	2	7	57	62
967	3	8	48	53
968	3	8	53	58
969	3	8	58	63
970	4	9	14	19
971	4	9	19	24
972	4	9	24	29
973	4	9	29	34
974	4	9	34	39
975	4	9	39	44
976	4	9	44	49
977	4	9	49	54
978	4	9	54	59
979	4	9	59	64
980	5	10	15	20
981	5	10	20	25
982	5	10	25	30
983	5	10	30	35
984	5	10	35	40
985	5	10	40	45
986	5	10	45	50
987	5	10	50	55
988	5	10	55	60
989	5	10	60	65
990	6	11	16	21
991	6	11	21	26
992	6	11	26	31
993	6	11	31	36
994	6	11	36	41
995	6	11	41	46
996	6	11	46	51
997	6	11	51	56
998	6	11	56	61
999	6	11	61	66
1000	7	12	17	22
1001	7	12	22	27
1002	7	12	27	32
1003	7	12	32	37
1004	7	12	37	42
1005	7	12	42	47
1006	7	12	47	52
1007	7	12	52	57
1008	7	12	57	62
1009	7	12	62	67
1010	8	13	18	23
1011	8	13	23	28
1012	8	13	28	33
1013	8	13	33	38
1014	8	13	38	43
1015	8	13	43	48
1016	8	13	48	53
1017	8	13	53	58
1018	8	13	58	63
1019	8	13	63	68
1020	9	14	19	24
1021	9	14	24	29
1022	9	14	29	34
1023	9	14	34	39
1024	9	14	39	44
1025	9	14	44	49
1026	9	14	49	54
1027	9	14	54	59
1028	9	14	59	64
1029	9	14	64	69
1030	10	15	20	25
1031	10	15	25	30
1032	10	15	30	35
1033	10	15	35	40
1034	10	15	40	45
1035	10	15	45	50
1036	10	15	50	55
1037	10	15	55	60
1038	10	15	60	65
1039	10	15	65	70
1040	11	16	21	26
1041	11	16	26	31
1042	11	16	31	36
1043	11	16	36	41
1044	11	16	41	46
1045	11	16	46	51
1046	11	16	51	56
1047	11	16	56	61
1048	11	16	61	66
1049	11	16	66	71
1050	12	17	22	27
1051	12	17	27	32
1052	12	17	32	37
1053	12	17	37	42
1054	12	17	42	47
1055	12	17	47	52
1056	12	17	52	57
1057	12	17	57	62
1058	12	17	62	67
1059	12	17	67	72
1060	13	18	23	28
1061	13	18	28	33
1062	13	18	33	38
1063	13	18	38	43
1064	13	18	43	48
1065	13	18	48	53
1066	13	18	53	58
1067	13	18	58	63
1068	13	18	63	68
1069	14	19	24	29
1070	14	19	29	34
1071	14	19	34	39
1072	14	19	39	44
1073	14	19	44	49
1074	14	19	49	54
1075	14	19	54	59
1076	14	19	59	64
1077	14	19	64	69
1078	15	20	25	30
1079	15	20	30	35
1080	15	20	35	40
1081	15	20	40	45
1082	15	20	45	50
1083	15	20	50	55
1084	15	20	55	60
1085	15	20	60	65
1086	15	20	65	70
1087	16	21	26	31
1088	16	21	31	36
1089	16	21	36	41
1090	16	21	41	46
1091	16	21	46	51
1092	16	21	51	56
1093	16	21	56	61
1094	16	21	61	66
1095	16	21	66	71
1096	17	22	27	32
1097	17	22	32	37
1098	17	22	37	42
1099	17	22	42	47
1100	17	22	47	52
1101	17	22	52	57
1102	17	22	57	62
1103	17	22	62	67
1104	17	22	67	72
1105	18	23	28	33
1106	18	23	33	38
1107	18	23	38	43
1108	18	23	43	48
1109	18	23	48	53
1110	18	23	53	58
1111	18	23	58	63
1112	18	23	63	68
1113	19	24	29	34
1114	19	24	34	39
1115	19	24	39	44
1116	19	24	44	49
1117	19	24	49	54
1118	19	24	54	59
1119	19	24	59	64
1120	19	24	64	69
1121	20	25	30	35
1122	20	25	35	40
1123	20	25	40	45
1124	20	25	45	50
1125	20	25	50	55
1126	20	25	55	60
1127	20	25	60	65
1128	20	25	65	70
1129	21	26	31	36
1130	21	26	36	41
1131	21	26	41	46
1132	21	26	46	51
1133	21	26	51	56
1134	21	26	56	61
1135	21	26	61	66
1136	21	26	66	71
1137	22	27	32	37
1138	22	27	37	42
1139	22	27	42	47
1140	22	27	47	52
1141	22	27	52	57
1142	22	27	57	62
1143	22	27	62	67
1144	22	27	67	72
1145	23	28	33	38
1146	23	28	38	43
1147	23	28	43	48
1148	23	28	48	53
1149	23	28	53	58
1150	23	28	58	63
1151	23	28	63	68
1152	24	29	34	39
1153	24	29	39	44
1154	24	29	44	49
1155	24	29	49	54
1156	24	29	54	59
1157	24	29	59	64
1158	24	29	64	69
1159	25	30	35	40
1160	25	30	40	45
1161	25	30	45	50
1162	25	30	50	55
1163	25	30	55	60
1164	25	30	60	65
1165	25	30	65	70
1166	26	31	36	41
1167	26	31	41	46
1168	26	31	46	51
1169	26	31	51	56
1170	26	31	56	61
1171	26	31	61	66
1172	26	31	66	71
1173	27	32	37	42
1174	27	32	42	47
1175	27	32	47	52
1176	27	32	52	57
1177	27	32	57	62
1178	27	32	62	67
1179	27	32	67	72
1180	1	7	13	19
1181	1	7	19	25
1182	1	7	25	31
1183	1	7	31	37
1184	1	7	37	43
1185	1	7	43	49
1186	1	7	49	55
1187	1	7	55	61
1188	1	7	61	67
1189	2	8	14	20
1190	2	8	20	26
1191	2	8	26	32
1192	2	8	32	38
1193	2	8	38	44
1194	2	8	44	50
1195	2	8	50	56
1196	2	8	56	62
1197	2	8	62	68
1198	3	9	15	21
1199	3	9	21	27
1200	3	9	27	33
1201	3	9	33	39
1202	3	9	39	45
1203	3	9	45	51
1204	3	9	51	57
1205	3	9	57	63
1206	3	9	63	69
1207	4	10	16	22
1208	4	10	22	28
1209	4	10	28	34
1210	4	10	34	40
1211	4	10	40	46
1212	4	10	46	52
1213	4	10	52	58
1214	4	10	58	64
1215	4	10	64	70
1216	5	11	17	23
1217	5	11	23	29
1218	5	11	29	35
1219	5	11	35	41
1220	5	11	41	47
1221	5	11	47	53
1222	5	11	53	59
1223	5	11	59	65
1224	5	11	65	71
1225	6	12	18	24
1226	6	12	24	30
1227	6	12	30	36
1228	6	12	36	42
1229	6	12	42	48
1230	6	12	48	54
1231	6	12	54	60
1232	6	12	60	66
1233	6	12	66	72
1234	7	13	19	25
1235	7	13	25	31
1236	7	13	31	37
1237	7	13	37	43
1238	7	13	43	49
1239	7	13	49	55
1240	7	13	55	61
1241	7	13	61	67
1242	8	14	20	26
1243	8	14	26	32
1244	8	14	32	38
1245	8	14	38	44
1246	8	14	44	50
1247	8	14	50	56
1248	8	14	56	62
1249	8	14	62	68
1250	9	15	21	27
1251	9	15	27	33
1252	9	15	33	39
1253	9	15	39	45
1254	9	15	45	51
1255	9	15	51	57
1256	9	15	57	63
1257	9	15	63	69
1258	10	16	22	28
1259	10	16	28	34
1260	10	16	34	40
1261	10	16	40	46
1262	10	16	46	52
1263	10	16	52	58
1264	10	16	58	64
1265	10	16	64	70
1266	11	17	23	29
1267	11	17	29	35
1268	11	17	35	41
1269	11	17	41	47
1270	11	17	47	53
1271	11	17	53	59
1272	11	17	59	65
1273	11	17	65	71
1274	12	18	24	30
1275	12	18	30	36
1276	12	18	36	42
1277	12	18	42	48
1278	12	18	48	54
1279	12	18	54	60
1280	12	18	60	66
1281	12	18	66	72
1282	13	19	25	31
1283	13	19	31	37
1284	13	19	37	43
1285	13	19	43	49
1286	13	19	49	55
1287	13	19	55	61
1288	13	19	61	67
1289	14	20	26	32
1290	14	20	32	38
1291	14	20	38	44
1292	14	20	44	50
1293	14	20	50	56
1294	14	20	56	62
1295	14	20	62	68
1296	15	21	27	33
1297	15	21	33	39
1298	15	21	39	45
1299	15	21	45	51
1300	15	21	51	57
1301	15	21	57	63
1302	15	21	63	69
1303	16	22	28	34
1304	16	22	34	40
1305	16	22	40	46
1306	16	22	46	52
1307	16	22	52	58
1308	16	22	58	64
1309	16	22	64	70
1310	17	23	29	35
1311	17	23	35	41
1312	17	23	41	47
1313	17	23	47	53
1314	17	23	53	59
1315	17	23	59	65
1316	17	23	65	71
1317	18	24	30	36
1318	18	24	36	42
1319	18	24	42	48
1320	18	24	48	54
1321	18	24	54	60
1322	18	24	60	66
1323	18	24	66	72
1324	1	8	15	22
1325	1	8	22	29
1326	1	8	29	36
1327	1	8	36	43
1328	1	8	43	50
1329	1	8	50	57
1330	1	8	57	64
1331	1	8	64	71
1332	2	9	16	23
1333	2	9	23	30
1334	2	9	30	37
1335	2	9	37	44
1336	2	9	44	51
1337	2	9	51	58
1338	2	9	58	65
1339	2	9	65	72
1340	3	10	17	24
1341	3	10	24	31
1342	3	10	31	38
1343	3	10	38	45
1344	3	10	45	52
1345	3	10	52	59
1346	3	10	59	66
1347	4	11	18	25
1348	4	11	25	32
1349	4	11	32	39
1350	4	11	39	46
1351	4	11	46	53
1352	4	11	53	60
1353	4	11	60	67
1354	5	12	19	26
1355	5	12	26	33
1356	5	12	33	40
1357	5	12	40	47
1358	5	12	47	54
1359	5	12	54	61
1360	5	12	61	68
1361	6	13	20	27
1362	6	13	27	34
1363	6	13	34	41
1364	6	13	41	48
1365	6	13	48	55
1366	6	13	55	62
1367	6	13	62	69
1368	7	14	21	28
1369	7	14	28	35
1370	7	14	35	42
1371	7	14	42	49
1372	7	14	49	56
1373	7	14	56	63
1374	7	14	63	70
1375	8	15	22	29
1376	8	15	29	36
1377	8	15	36	43
1378	8	15	43	50
1379	8	15	50	57
1380	8	15	57	64
1381	8	15	64	71
1382	9	16	23	30
1383	9	16	30	37
1384	9	16	37	44
1385	9	16	44	51
1386	9	16	51	58
1387	9	16	58	65
1388	9	16	65	72
1389	72	71	70	69
1390	72	71	69	68
1391	72	71	68	67
1392	72	71	67	66
1393	72	71	66	65
1394	72	71	65	64
1395	72	71	64	63
1396	72	71	63	62
1397	72	71	62	61
1398	72	71	61	60
1399	71	70	69	68
1400	71	70	68	67
1401	71	70	67	66
1402	71	70	66	65
1403	71	70	65	64
1404	71	70	64	63
1405	71	70	63	62
1406	71	70	62	61
1407	71	70	61	60
1408	71	70	60	59
1409	70	69	68	67
1410	70	69	67	66
1411	70	69	66	65
1412	70	69	65	64
1413	70	69	64	63
1414	70	69	63	62
1415	70	69	62	61
1416	70	69	61	60
1417	70	69	60	59
1418	70	69	59	58
1419	69	68	67	66
1420	69	68	66	65
1421	69	68	65	64
1422	69	68	64	63
1423	69	68	63	62
1424	69	68	62	61
1425	69	68	61	60
1426	69	68	60	59
1427	69	68	59	58
1428	69	68	58	57
1429	68	67	66	65
1430	68	67	65	64
1431	68	67	64	63
1432	68	67	63	62
1433	68	67	62	61
1434	68	67	61	60
1435	68	67	60	59
1436	68	67	59	58
1437	68	67	58	57
1438	68	67	57	56
1439	67	66	65	64
1440	67	66	64	63
1441	67	66	63	62
1442	67	66	62	61
1443	67	66	61	60
1444	67	66	60	59
1445	67	66	59	58
1446	67	66	58	57
1447	67	66	57	56
1448	67	66	56	55
1449	66	65	64	63
1450	66	65	63	62
1451	66	65	62	61
1452	66	65	61	60
1453	66	65	60	59
1454	66	65	59	58
1455	66	65	58	57
1456	66	65	57	56
1457	66	65	56	55
1458	66	65	55	54
1459	65	64	63	62
1460	65	64	62	61
1461	65	64	61	60
1462	65	64	60	59
1463	65	64	59	58
1464	65	64	58	57
1465	65	64	57	56
1466	65	64	56	55
1467	65	64	55	54
1468	65	64	54	53
1469	64	63	62	61
1470	64	63	61	60
1471	64	63	60	59
1472	64	63	59	58
1473	64	63	58	57
1474	64	63	57	56
1475	64	63	56	55
1476	64	63	55	54
1477	64	63	54	53
1478	64	63	53	52
1479	63	62	61	60
1480	63	62	60	59
1481	63	62	59	58
1482	63	62	58	57
1483	63	62	57	56
1484	63	62	56	55
1485	63	62	55	54
1486	63	62	54	53
1487	63	62	53	52
1488	63	62	52	51
1489	62	61	60	59
1490	62	61	59	58
1491	62	61	58	57
1492	62	61	57	56
1493	62	61	56	55
1494	62	61	55	54
1495	62	61	54	53
1496	62	61	53	52
1497	62	61	52	51
1498	62	61	51	50
1499	61	60	59	58
1500	61	60	58	57
1501	61	60	57	56
1502	61	60	56	55
1503	61	60	55	54
1504	61	60	54	53
1505	61	60	53	52
1506	61	60	52	51
1507	61	60	51	50
1508	61	60	50	49
1509	60	59	58	57
1510	60	59	57	56
1511	60	59	56	55
1512	60	59	55	54
1513	60	59	54	53
1514	60	59	53	52
1515	60	59	52	51
1516	60	59	51	50
1517	60	59	50	49
1518	60	59	49	48
1519	59	58	57	56
1520	59	58	56	55
1521	59	58	55	54
1522	59	58	54	53
1523	59	58	53	52
1524	59	58	52	51
1525	59	58	51	50
1526	59	58	50	49
1527	59	58	49	48
1528	59	58	48	47
1529	58	57	56	55
1530	58	57	55	54
1531	58	57	54	53
1532	58	57	53	52
1533	58	57	52	51
1534	58	57	51	50
1535	58	57	50	49
1536	58	57	49	48
1537	58	57	48	47
1538	58	57	47	46
1539	57	56	55	54
1540	57	56	54	53
1541	57	56	53	52
1542	57	56	52	51
1543	57	56	51	50
1544	57	56	50	49
1545	57	56	49	48
1546	57	56	48	47
1547	57	56	47	46
1548	57	56	46	45
1549	56	55	54	53
1550	56	55	53	52
1551	56	55	52	51
1552	56	55	51	50
1553	56	55	50	49
1554	56	55	49	48
1555	56	55	48	47
1556	56	55	47	46
1557	56	55	46	45
1558	56	55	45	44
1559	55	54	53	52
1560	55	54	52	51
1561	55	54	51	50
1562	55	54	50	49
1563	55	54	49	48
1564	55	54	48	47
1565	55	54	47	46
1566	55	54	46	45
1567	55	54	45	44
1568	55	54	44	43
1569	54	53	52	51
1570	54	53	51	50
1571	54	53	50	49
1572	54	53	49	48
1573	54	53	48	47
1574	54	53	47	46
1575	54	53	46	45
1576	54	53	45	44
1577	54	53	44	43
1578	54	53	43	42
1579	53	52	51	50
1580	53	52	50	49
1581	53	52	49	48
1582	53	52	48	47
1583	53	52	47	46
1584	53	52	46	45
1585	53	52	45	44
1586	53	52	44	43
1587	53	52	43	42
1588	53	52	42	41
1589	52	51	50	49
1590	52	51	49	48
1591	52	51	48	47
1592	52	51	47	46
1593	52	51	46	45
1594	52	51	45	44
1595	52	51	44	43
1596	52	51	43	42
1597	52	51	42	41
1598	52	51	41	40
1599	51	50	49	48
1600	51	50	48	47
1601	51	50	47	46
1602	51	50	46	45
1603	51	50	45	44
1604	51	50	44	43
1605	51	50	43	42
1606	51	50	42	41
1607	51	50	41	40
1608	51	50	40	39
1609	50	49	48	47
1610	50	49	47	46
1611	50	49	46	45
1612	50	49	45	44
1613	50	49	44	43
1614	50	49	43	42
1615	50	49	42	41
1616	50	49	41	40
1617	50	49	40	39
1618	50	49	39	38
1619	49	48	47	46
1620	49	48	46	45
1621	49	48	45	44
1622	49	48	44	43
1623	49	48	43	42
1624	49	48	42	41
1625	49	48	41	40
1626	49	48	40	39
1627	49	48	39	38
1628	49	48	38	37
1629	72	70	68	66
1630	72	70	66	64
1631	72	70	64	62
1632	72	70	62	60
1633	72	70	60	58
1634	72	70	58	56
1635	72	70	56	54
1636	72	70	54	52
1637	72	70	52	50
1638	72	70	50	48
1639	71	69	67	65
1640	71	69	65	63
1641	71	69	63	61
1642	71	69	61	59
1643	71	69	59	57
1644	71	69	57	55
1645	71	69	55	53
1646	71	69	53	51
1647	71	69	51	49
1648	71	69	49	47
1649	70	68	66	64
1650	70	68	64	62
1651	70	68	62	60
1652	70	68	60	58
1653	70	68	58	56
1654	70	68	56	54
1655	70	68	54	52
1656	70	68	52	50
1657	70	68	50	48
1658	70	68	48	46
1659	69	67	65	63
1660	69	67	63	61
1661	69	67	61	59
1662	69	67	59	57
1663	69	67	57	55
1664	69	67	55	53
1665	69	67	53	51
1666	69	67	51	49
1667	69	67	49	47
1668	69	67	47	45
1669	68	66	64	62
1670	68	66	62	60
1671	68	66	60	58
1672	68	66	58	56
1673	68	66	56	54
1674	68	66	54	52
1675	68	66	52	50
1676	68	66	50	48
1677	68	66	48	46
1678	68	66	46	44
1679	67	65	63	61
1680	67	65	61	59
1681	67	65	59	57
1682	67	65	57	55
1683	67	65	55	53
1684	67	65	53	51
1685	67	65	51	49
1686	67	65	49	47
1687	67	65	47	45
1688	67	65	45	43
1689	66	64	62	60
1690	66	64	60	58
1691	66	64	58	56
1692	66	64	56	54
1693	66	64	54	52
1694	66	64	52	50
1695	66	64	50	48
1696	66	64	48	46
1697	66	64	46	44
1698	66	64	44	42
1699	65	63	61	59
1700	65	63	59	57
1701	65	63	57	55
1702	65	63	55	53
1703	65	63	53	51
1704	65	63	51	49
1705	65	63	49	47
1706	65	63	47	45
1707	65	63	45	43
1708	65	63	43	41
1709	64	62	60	58
1710	64	62	58	56
1711	64	62	56	54
1712	64	62	54	52
1713	64	62	52	50
1714	64	62	50	48
1715	64	62	48	46
1716	64	62	46	44
1717	64	62	44	42
1718	64	62	42	40
1719	63	61	59	57
1720	63	61	57	55
1721	63	61	55	53
1722	63	61	53	51
1723	63	61	51	49
1724	63	61	49	47
1725	63	61	47	45
1726	63	61	45	43
1727	63	61	43	41
1728	63	61	41	39
1729	62	60	58	56
1730	62	60	56	54
1731	62	60	54	52
1732	62	60	52	50
1733	62	60	50	48
1734	62	60	48	46
1735	62	60	46	44
1736	62	60	44	42
1737	62	60	42	40
1738	62	60	40	38
1739	61	59	57	55
1740	61	59	55	53
1741	61	59	53	51
1742	61	59	51	49
1743	61	59	49	47
1744	61	59	47	45
1745	61	59	45	43
1746	61	59	43	41
1747	61	59	41	39
1748	61	59	39	37
1749	60	58	56	54
1750	60	58	54	52
1751	60	58	52	50
1752	60	58	50	48
1753	60	58	48	46
1754	60	58	46	44
1755	60	58	44	42
1756	60	58	42	40
1757	60	58	40	38
1758	60	58	38	36
1759	59	57	55	53
1760	59	57	53	51
1761	59	57	51	49
1762	59	57	49	47
1763	59	57	47	45
1764	59	57	45	43
1765	59	57	43	41
1766	59	57	41	39
1767	59	57	39	37
1768	59	57	37	35
1769	58	56	54	52
1770	58	56	52	50
1771	58	56	50	48
1772	58	56	48	46
1773	58	56	46	44
1774	58	56	44	42
1775	58	56	42	40
1776	58	56	40	38
1777	58	56	38	36
1778	58	56	36	34
1779	57	55	53	51
1780	57	55	51	49
1781	57	55	49	47
1782	57	55	47	45
1783	57	55	45	43
1784	57	55	43	41
1785	57	55	41	39
1786	57	55	39	37
1787	57	55	37	35
1788	57	55	35	33
1789	56	54	52	50
1790	56	54	50	48
1791	56	54	48	46
1792	56	54	46	44
1793	56	54	44	42
1794	56	54	42	40
1795	56	54	40	38
1796	56	54	38	36
1797	56	54	36	34
1798	56	54	34	32
1799	55	53	51	49
1800	55	53	49	47
1801	55	53	47	45
1802	55	53	45	43
1803	55	53	43	41
1804	55	53	41	39
1805	55	53	39	37
1806	55	53	37	35
1807	55	53	35	33
1808	55	53	33	31
1809	54	52	50	48
1810	54	52	48	46
1811	54	52	46	44
1812	54	52	44	42
1813	54	52	42	40
1814	54	52	40	38
1815	54	52	38	36
1816	54	52	36	34
1817	54	52	34	32
1818	54	52	32	30
1819	53	51	49	47
1820	53	51	47	45
1821	53	51	45	43
1822	53	51	43	41
1823	53	51	41	39
1824	53	51	39	37
1825	53	51	37	35
1826	53	51	35	33
1827	53	51	33	31
1828	53	51	31	29
1829	52	50	48	46
1830	52	50	46	44
1831	52	50	44	42
1832	52	50	42	40
1833	52	50	40	38
1834	52	50	38	36
1835	52	50	36	34
1836	52	50	34	32
1837	52	50	32	30
1838	52	50	30	28
1839	51	49	47	45
1840	51	49	45	43
1841	51	49	43	41
1842	51	49	41	39
1843	51	49	39	37
1844	51	49	37	35
1845	51	49	35	33
1846	51	49	33	31
1847	51	49	31	29
1848	51	49	29	27
1849	50	48	46	44
1850	50	48	44	42
1851	50	48	42	40
1852	50	48	40	38
1853	50	48	38	36
1854	50	48	36	34
1855	50	48	34	32
1856	50	48	32	30
1857	50	48	30	28
1858	50	48	28	26
1859	49	47	45	43
1860	49	47	43	41
1861	49	47	41	39
1862	49	47	39	37
1863	49	47	37	35
1864	49	47	35	33
1865	49	47	33	31
1866	49	47	31	29
1867	49	47	29	27
1868	49	47	27	25
1869	72	69	66	63
1870	72	69	63	60
1871	72	69	60	57
1872	72	69	57	54
1873	72	69	54	51
1874	72	69	51	48
1875	72	69	48	45
1876	72	69	45	42
1877	72	69	42	39
1878	72	69	39	36
1879	71	68	65	62
1880	71	68	62	59
1881	71	68	59	56
1882	71	68	56	53
1883	71	68	53	50
1884	71	68	50	47
1885	71	68	47	44
1886	71	68	44	41
1887	71	68	41	38
1888	71	68	38	35
1889	70	67	64	61
1890	70	67	61	58
1891	70	67	58	55
1892	70	67	55	52
1893	70	67	52	49
1894	70	67	49	46
1895	70	67	46	43
1896	70	67	43	40
1897	70	67	40	37
1898	70	67	37	34
1899	69	66	63	60
1900	69	66	60	57
1901	69	66	57	54
1902	69	66	54	51
1903	69	66	51	48
1904	69	66	48	45
1905	69	66	45	42
1906	69	66	42	39
1907	69	66	39	36
1908	69	66	36	33
1909	68	65	62	59
1910	68	65	59	56
1911	68	65	56	53
1912	68	65	53	50
1913	68	65	50	47
1914	68	65	47	44
1915	68	65	44	41
1916	68	65	41	38
1917	68	65	38	35
1918	68	65	35	32
1919	67	64	61	58
1920	67	64	58	55
1921	67	64	55	52
1922	67	64	52	49
1923	67	64	49	46
1924	67	64	46	43
1925	67	64	43	40
1926	67	64	40	37
1927	67	64	37	34
1928	67	64	34	31
1929	66	63	60	57
1930	66	63	57	54
1931	66	63	54	51
1932	66	63	51	48
1933	66	63	48	45
1934	66	63	45	42
1935	66	63	42	39
1936	66	63	39	36
1937	66	63	36	33
1938	66	63	33	30
1939	65	62	59	56
1940	65	62	56	53
1941	65	62	53	50
1942	65	62	50	47
1943	65	62	47	44
1944	65	62	44	41
1945	65	62	41	38
1946	65	62	38	35
1947	65	62	35	32
1948	65	62	32	29
1949	64	61	58	55
1950	64	61	55	52
1951	64	61	52	49
1952	64	61	49	46
1953	64	61	46	43
1954	64	61	43	40
1955	64	61	40	37
1956	64	61	37	34
1957	64	61	34	31
1958	64	61	31	28
1959	63	60	57	54
1960	63	60	54	51
1961	63	60	51	48
1962	63	60	48	45
1963	63	60	45	42
1964	63	60	42	39
1965	63	60	39	36
1966	63	60	36	33
1967	63	60	33	30
1968	63	60	30	27
1969	62	59	56	53
1970	62	59	53	50
1971	62	59	50	47
1972	62	59	47	44
1973	62	59	44	41
1974	62	59	41	38
1975	62	59	38	35
1976	62	59	35	32
1977	62	59	32	29
1978	62	59	29	26
1979	61	58	55	52
1980	61	58	52	49
1981	61	58	49	46
1982	61	58	46	43
1983	61	58	43	40
1984	61	58	40	37
1985	61	58	37	34
1986	61	58	34	31
1987	61	58	31	28
1988	61	58	28	25
1989	60	57	54	51
1990	60	57	51	48
1991	60	57	48	45
1992	60	57	45	42
1993	60	57	42	39
1994	60	57	39	36
1995	60	57	36	33
1996	60	57	33	30
1997	60	57	30	27
1998	60	57	27	24
1999	59	56	53	50
2000	59	56	50	47
2001	59	56	47	44
2002	59	56	44	41
2003	59	56	41	38
2004	59	56	38	35
2005	59	56	35	32
2006	59	56	32	29
2007	59	56	29	26
2008	59	56	26	23
2009	58	55	52	49
2010	58	55	49	46
2011	58	55	46	43
2012	58	55	43	40
2013	58	55	40	37
2014	58	55	37	34
2015	58	55	34	31
2016	58	55	31	28
2017	58	55	28	25
2018	58	55	25	22
2019	57	54	51	48
2020	57	54	48	45
2021	57	54	45	42
2022	57	54	42	39
2023	57	54	39	36
2024	57	54	36	33
2025	57	54	33	30
2026	57	54	30	27
2027	57	54	27	24
2028	57	54	24	21
2029	56	53	50	47
2030	56	53	47	44
2031	56	53	44	41
2032	56	53	41	38
2033	56	53	38	35
2034	56	53	35	32
2035	56	53	32	29
2036	56	53	29	26
2037	56	53	26	23
2038	56	53	23	20
2039	55	52	49	46
2040	55	52	46	43
2041	55	52	43	40
2042	55	52	40	37
2043	55	52	37	34
2044	55	52	34	31
2045	55	52	31	28
2046	55	52	28	25
2047	55	52	25	22
2048	55	52	22	19
2049	54	51	48	45
2050	54	51	45	42
2051	54	51	42	39
2052	54	51	39	36
2053	54	51	36	33
2054	54	51	33	30
2055	54	51	30	27
2056	54	51	27	24
2057	54	51	24	21
2058	54	51	21	18
2059	53	50	47	44
2060	53	50	44	41
2061	53	50	41	38
2062	53	50	38	35
2063	53	50	35	32
2064	53	50	32	29
2065	53	50	29	26
2066	53	50	26	23
2067	53	50	23	20
2068	53	50	20	17
2069	52	49	46	43
2070	52	49	43	40
2071	52	49	40	37
2072	52	49	37	34
2073	52	49	34	31
2074	52	49	31	28
2075	52	49	28	25
2076	52	49	25	22
2077	52	49	22	19
2078	52	49	19	16
2079	51	48	45	42
2080	51	48	42	39
2081	51	48	39	36
2082	51	48	36	33
2083	51	48	33	30
2084	51	48	30	27
2085	51	48	27	24
2086	51	48	24	21
2087	51	48	21	18
2088	51	48	18	15
2089	50	47	44	41
2090	50	47	41	38
2091	50	47	38	35
2092	50	47	35	32
2093	50	47	32	29
2094	50	47	29	26
2095	50	47	26	23
2096	50	47	23	20
2097	50	47	20	17
2098	50	47	17	14
2099	49	46	43	40
2100	49	46	40	37
2101	49	46	37	34
2102	49	46	34	31
2103	49	46	31	28
2104	49	46	28	25
2105	49	46	25	22
2106	49	46	22	19
2107	49	46	19	16
2108	49	46	16	13
2109	72	68	64	60
2110	72	68	60	56
2111	72	68	56	52
2112	72	68	52	48
2113	72	68	48	44
2114	72	68	44	40
2115	72	68	40	36
2116	72	68	36	32
2117	72	68	32	28
2118	72	68	28	24
2119	71	67	63	59
2120	71	67	59	55
2121	71	67	55	51
2122	71	67	51	47
2123	71	67	47	43
2124	71	67	43	39
2125	71	67	39	35
2126	71	67	35	31
2127	71	67	31	27
2128	71	67	27	23
2129	70	66	62	58
2130	70	66	58	54
2131	70	66	54	50
2132	70	66	50	46
2133	70	66	46	42
2134	70	66	42	38
2135	70	66	38	34
2136	70	66	34	30
2137	70	66	30	26
2138	70	66	26	22
2139	69	65	61	57
2140	69	65	57	53
2141	69	65	53	49
2142	69	65	49	45
2143	69	65	45	41
2144	69	65	41	37
2145	69	65	37	33
2146	69	65	33	29
2147	69	65	29	25
2148	69	65	25	21
2149	68	64	60	56
2150	68	64	56	52
2151	68	64	52	48
2152	68	64	48	44
2153	68	64	44	40
2154	68	64	40	36
2155	68	64	36	32
2156	68	64	32	28
2157	68	64	28	24
2158	68	64	24	20
2159	67	63	59	55
2160	67	63	55	51
2161	67	63	51	47
2162	67	63	47	43
2163	67	63	43	39
2164	67	63	39	35
2165	67	63	35	31
2166	67	63	31	27
2167	67	63	27	23
2168	67	63	23	19
2169	66	62	58	54
2170	66	62	54	50
2171	66	62	50	46
2172	66	62	46	42
2173	66	62	42	38
2174	66	62	38	34
2175	66	62	34	30
2176	66	62	30	26
2177	66	62	26	22
2178	66	62	22	18
2179	65	61	57	53
2180	65	61	53	49
2181	65	61	49	45
2182	65	61	45	41
2183	65	61	41	37
2184	65	61	37	33
2185	65	61	33	29
2186	65	61	29	25
2187	65	61	25	21
2188	65	61	21	17
2189	64	60	56	52
2190	64	60	52	48
2191	64	60	48	44
2192	64	60	44	40
2193	64	60	40	36
2194	64	60	36	32
2195	64	60	32	28
2196	64	60	28	24
2197	64	60	24	20
2198	64	60	20	16
2199	63	59	55	51
2200	63	59	51	47
2201	63	59	47	43
2202	63	59	43	39
2203	63	59	39	35
2204	63	59	35	31
2205	63	59	31	27
2206	63	59	27	23
2207	63	59	23	19
2208	63	59	19	15
2209	62	58	54	50
2210	62	58	50	46
2211	62	58	46	42
2212	62	58	42	38
2213	62	58	38	34
2214	62	58	34	30
2215	62	58	30	26
2216	62	58	26	22
2217	62	58	22	18
2218	62	58	18	14
2219	61	57	53	49
2220	61	57	49	45
2221	61	57	45	41
2222	61	57	41	37
2223	61	57	37	33
2224	61	57	33	29
2225	61	57	29	25
2226	61	57	25	21
2227	61	57	21	17
2228	61	57	17	13
2229	60	56	52	48
2230	60	56	48	44
2231	60	56	44	40
2232	60	56	40	36
2233	60	56	36	32
2234	60	56	32	28
2235	60	56	28	24
2236	60	56	24	20
2237	60	56	20	16
2238	60	56	16	12
2239	59	55	51	47
2240	59	55	47	43
2241	59	55	43	39
2242	59	55	39	35
2243	59	55	35	31
2244	59	55	31	27
2245	59	55	27	23
2246	59	55	23	19
2247	59	55	19	15
2248	59	55	15	11
2249	58	54	50	46
2250	58	54	46	42
2251	58	54	42	38
2252	58	54	38	34
2253	58	54	34	30
2254	58	54	30	26
2255	58	54	26	22
2256	58	54	22	18
2257	58	54	18	14
2258	58	54	14	10
2259	57	53	49	45
2260	57	53	45	41
2261	57	53	41	37
2262	57	53	37	33
2263	57	53	33	29
2264	57	53	29	25
2265	57	53	25	21
2266	57	53	21	17
2267	57	53	17	13
2268	57	53	13	9
2269	56	52	48	44
2270	56	52	44	40
2271	56	52	40	36
2272	56	52	36	32
2273	56	52	32	28
2274	56	52	28	24
2275	56	52	24	20
2276	56	52	20	16
2277	56	52	16	12
2278	56	52	12	8
2279	55	51	47	43
2280	55	51	43	39
2281	55	51	39	35
2282	55	51	35	31
2283	55	51	31	27
2284	55	51	27	23
2285	55	51	23	19
2286	55	51	19	15
2287	55	51	15	11
2288	55	51	11	7
2289	54	50	46	42
2290	54	50	42	38
2291	54	50	38	34
2292	54	50	34	30
2293	54	50	30	26
2294	54	50	26	22
2295	54	50	22	18
2296	54	50	18	14
2297	54	50	14	10
2298	54	50	10	6
2299	53	49	45	41
2300	53	49	41	37
2301	53	49	37	33
2302	53	49	33	29
2303	53	49	29	25
2304	53	49	25	21
2305	53	49	21	17
2306	53	49	17	13
2307	53	49	13	9
2308	53	49	9	5
2309	52	48	44	40
2310	52	48	40	36
2311	52	48	36	32
2312	52	48	32	28
2313	52	48	28	24
2314	52	48	24	20
2315	52	48	20	16
2316	52	48	16	12
2317	52	48	12	8
2318	52	48	8	4
2319	51	47	43	39
2320	51	47	39	35
2321	51	47	35	31
2322	51	47	31	27
2323	51	47	27	23
2324	51	47	23	19
2325	51	47	19	15
2326	51	47	15	11
2327	51	47	11	7
2328	51	47	7	3
2329	50	46	42	38
2330	50	46	38	34
2331	50	46	34	30
2332	50	46	30	26
2333	50	46	26	22
2334	50	46	22	18
2335	50	46	18	14
2336	50	46	14	10
2337	50	46	10	6
2338	50	46	6	2
2339	49	45	41	37
2340	49	45	37	33
2341	49	45	33	29
2342	49	45	29	25
2343	49	45	25	21
2344	49	45	21	17
2345	49	45	17	13
2346	49	45	13	9
2347	49	45	9	5
2348	49	45	5	1
2349	72	67	62	57
2350	72	67	57	52
2351	72	67	52	47
2352	72	67	47	42
2353	72	67	42	37
2354	72	67	37	32
2355	72	67	32	27
2356	72	67	27	22
2357	72	67	22	17
2358	72	67	17	12
2359	71	66	61	56
2360	71	66	56	51
2361	71	66	51	46
2362	71	66	46	41
2363	71	66	41	36
2364	71	66	36	31
2365	71	66	31	26
2366	71	66	26	21
2367	71	66	21	16
2368	71	66	16	11
2369	70	65	60	55
2370	70	65	55	50
2371	70	65	50	45
2372	70	65	45	40
2373	70	65	40	35
2374	70	65	35	30
2375	70	65	30	25
2376	70	65	25	20
2377	70	65	20	15
2378	70	65	15	10
2379	69	64	59	54
2380	69	64	54	49
2381	69	64	49	44
2382	69	64	44	39
2383	69	64	39	34
2384	69	64	34	29
2385	69	64	29	24
2386	69	64	24	19
2387	69	64	19	14
2388	69	64	14	9
2389	68	63	58	53
2390	68	63	53	48
2391	68	63	48	43
2392	68	63	43	38
2393	68	63	38	33
2394	68	63	33	28
2395	68	63	28	23
2396	68	63	23	18
2397	68	63	18	13
2398	68	63	13	8
2399	67	62	57	52
2400	67	62	52	47
2401	67	62	47	42
2402	67	62	42	37
2403	67	62	37	32
2404	67	62	32	27
2405	67	62	27	22
2406	67	62	22	17
2407	67	62	17	12
2408	67	62	12	7
2409	66	61	56	51
2410	66	61	51	46
2411	66	61	46	41
2412	66	61	41	36
2413	66	61	36	31
2414	66	61	31	26
2415	66	61	26	21
2416	66	61	21	16
2417	66	61	16	11
2418	66	61	11	6
2419	65	60	55	50
2420	65	60	50	45
2421	65	60	45	40
2422	65	60	40	35
2423	65	60	35	30
2424	65	60	30	25
2425	65	60	25	20
2426	65	60	20	15
2427	65	60	15	10
2428	65	60	10	5
2429	64	59	54	49
2430	64	59	49	44
2431	64	59	44	39
2432	64	59	39	34
2433	64	59	34	29
2434	64	59	29	24
2435	64	59	24	19
2436	64	59	19	14
2437	64	59	14	9
2438	64	59	9	4
2439	63	58	53	48
2440	63	58	48	43
2441	63	58	43	38
2442	63	58	38	33
2443	63	58	33	28
2444	63	58	28	23
2445	63	58	23	18
2446	63	58	18	13
2447	63	58	13	8
2448	63	58	8	3
2449	62	57	52	47
2450	62	57	47	42
2451	62	57	42	37
2452	62	57	37	32
2453	62	57	32	27
2454	62	57	27	22
2455	62	57	22	17
2456	62	57	17	12
2457	62	57	12	7
2458	62	57	7	2
2459	61	56	51	46
2460	61	56	46	41
2461	61	56	41	36
2462	61	56	36	31
2463	61	56	31	26
2464	61	56	26	21
2465	61	56	21	16
2466	61	56	16	11
2467	61	56	11	6
2468	61	56	6	1
2469	60	55	50	45
2470	60	55	45	40
2471	60	55	40	35
2472	60	55	35	30
2473	60	55	30	25
2474	60	55	25	20
2475	60	55	20	15
2476	60	55	15	10
2477	60	55	10	5
2478	59	54	49	44
2479	59	54	44	39
2480	59	54	39	34
2481	59	54	34	29
2482	59	54	29	24
2483	59	54	24	19
2484	59	54	19	14
2485	59	54	14	9
2486	59	54	9	4
2487	58	53	48	43
2488	58	53	43	38
2489	58	53	38	33
2490	58	53	33	28
2491	58	53	28	23
2492	58	53	23	18
2493	58	53	18	13
2494	58	53	13	8
2495	58	53	8	3
2496	57	52	47	42
2497	57	52	42	37
2498	57	52	37	32
2499	57	52	32	27
2500	57	52	27	22
2501	57	52	22	17
2502	57	52	17	12
2503	57	52	12	7
2504	57	52	7	2
2505	56	51	46	41
2506	56	51	41	36
2507	56	51	36	31
2508	56	51	31	26
2509	56	51	26	21
2510	56	51	21	16
2511	56	51	16	11
2512	56	51	11	6
2513	56	51	6	1
2514	55	50	45	40
2515	55	50	40	35
2516	55	50	35	30
2517	55	50	30	25
2518	55	50	25	20
2519	55	50	20	15
2520	55	50	15	10
2521	55	50	10	5
2522	54	49	44	39
2523	54	49	39	34
2524	54	49	34	29
2525	54	49	29	24
2526	54	49	24	19
2527	54	49	19	14
2528	54	49	14	9
2529	54	49	9	4
2530	53	48	43	38
2531	53	48	38	33
2532	53	48	33	28
2533	53	48	28	23
2534	53	48	23	18
2535	53	48	18	13
2536	53	48	13	8
2537	53	48	8	3
2538	52	47	42	37
2539	52	47	37	32
2540	52	47	32	27
2541	52	47	27	22
2542	52	47	22	17
2543	52	47	17	12
2544	52	47	12	7
2545	52	47	7	2
2546	51	46	41	36
2547	51	46	36	31
2548	51	46	31	26
2549	51	46	26	21
2550	51	46	21	16
2551	51	46	16	11
2552	51	46	11	6
2553	51	46	6	1
2554	50	45	40	35
2555	50	45	35	30
2556	50	45	30	25
2557	50	45	25	20
2558	50	45	20	15
2559	50	45	15	10
2560	50	45	10	5
2561	49	44	39	34
2562	49	44	34	29
2563	49	44	29	24
2564	49	44	24	19
2565	49	44	19	14
2566	49	44	14	9
2567	49	44	9	4
2568	72	66	60	54
2569	72	66	54	48
2570	72	66	48	42
2571	72	66	42	36
2572	72	66	36	30
2573	72	66	30	24
2574	72	66	24	18
2575	72	66	18	12
2576	72	66	12	6
2577	71	65	59	53
2578	71	65	53	47
2579	71	65	47	41
2580	71	65	41	35
2581	71	65	35	29
2582	71	65	29	23
2583	71	65	23	17
2584	71	65	17	11
2585	71	65	11	5
2586	70	64	58	52
2587	70	64	52	46
2588	70	64	46	40
2589	70	64	40	34
2590	70	64	34	28
2591	70	64	28	22
2592	70	64	22	16
2593	70	64	16	10
2594	70	64	10	4
2595	69	63	57	51
2596	69	63	51	45
2597	69	63	45	39
2598	69	63	39	33
2599	69	63	33	27
2600	69	63	27	21
2601	69	63	21	15
2602	69	63	15	9
2603	69	63	9	3
2604	68	62	56	50
2605	68	62	50	44
2606	68	62	44	38
2607	68	62	38	32
2608	68	62	32	26
2609	68	62	26	20
2610	68	62	20	14
2611	68	62	14	8
2612	68	62	8	2
2613	67	61	55	49
2614	67	61	49	43
2615	67	61	43	37
2616	67	61	37	31
2617	67	61	31	25
2618	67	61	25	19
2619	67	61	19	13
2620	67	61	13	7
2621	67	61	7	1
2622	66	60	54	48
2623	66	60	48	42
2624	66	60	42	36
2625	66	60	36	30
2626	66	60	30	24
2627	66	60	24	18
2628	66	60	18	12
2629	66	60	12	6
2630	65	59	53	47
2631	65	59	47	41
2632	65	59	41	35
2633	65	59	35	29
2634	65	59	29	23
2635	65	59	23	17
2636	65	59	17	11
2637	65	59	11	5
2638	64	58	52	46
2639	64	58	46	40
2640	64	58	40	34
2641	64	58	34	28
2642	64	58	28	22
2643	64	58	22	16
2644	64	58	16	10
2645	64	58	10	4
2646	63	57	51	45
2647	63	57	45	39
2648	63	57	39	33
2649	63	57	33	27
2650	63	57	27	21
2651	63	57	21	15
2652	63	57	15	9
2653	63	57	9	3
2654	62	56	50	44
2655	62	56	44	38
2656	62	56	38	32
2657	62	56	32	26
2658	62	56	26	20
2659	62	56	20	14
2660	62	56	14	8
2661	62	56	8	2
2662	61	55	49	43
2663	61	55	43	37
2664	61	55	37	31
2665	61	55	31	25
2666	61	55	25	19
2667	61	55	19	13
2668	61	55	13	7
2669	61	55	7	1
2670	60	54	48	42
2671	60	54	42	36
2672	60	54	36	30
2673	60	54	30	24
2674	60	54	24	18
2675	60	54	18	12
2676	60	54	12	6
2677	59	53	47	41
2678	59	53	41	35
2679	59	53	35	29
2680	59	53	29	23
2681	59	53	23	17
2682	59	53	17	11
2683	59	53	11	5
2684	58	52	46	40
2685	58	52	40	34
2686	58	52	34	28
2687	58	52	28	22
2688	58	52	22	16
2689	58	52	16	10
2690	58	52	10	4
2691	57	51	45	39
2692	57	51	39	33
2693	57	51	33	27
2694	57	51	27	21
2695	57	51	21	15
2696	57	51	15	9
2697	57	51	9	3
2698	56	50	44	38
2699	56	50	38	32
2700	56	50	32	26
2701	56	50	26	20
2702	56	50	20	14
2703	56	50	14	8
2704	56	50	8	2
2705	55	49	43	37
2706	55	49	37	31
2707	55	49	31	25
2708	55	49	25	19
2709	55	49	19	13
2710	55	49	13	7
2711	55	49	7	1
2712	72	65	58	51
2713	72	65	51	44
2714	72	65	44	37
2715	72	65	37	30
2716	72	65	30	23
2717	72	65	23	16
2718	72	65	16	9
2719	72	65	9	2
2720	71	64	57	50
2721	71	64	50	43
2722	71	64	43	36
2723	71	64	36	29
2724	71	64	29	22
2725	71	64	22	15
2726	71	64	15	8
2727	71	64	8	1
2728	70	63	56	49
2729	70	63	49	42
2730	70	63	42	35
2731	70	63	35	28
2732	70	63	28	21
2733	70	63	21	14
2734	70	63	14	7
2735	69	62	55	48
2736	69	62	48	41
2737	69	62	41	34
2738	69	62	34	27
2739	69	62	27	20
2740	69	62	20	13
2741	69	62	13	6
2742	68	61	54	47
2743	68	61	47	40
2744	68	61	40	33
2745	68	61	33	26
2746	68	61	26	19
2747	68	61	19	12
2748	68	61	12	5
2749	67	60	53	46
2750	67	60	46	39
2751	67	60	39	32
2752	67	60	32	25
2753	67	60	25	18
2754	67	60	18	11
2755	67	60	11	4
2756	66	59	52	45
2757	66	59	45	38
2758	66	59	38	31
2759	66	59	31	24
2760	66	59	24	17
2761	66	59	17	10
2762	66	59	10	3
2763	65	58	51	44
2764	65	58	44	37
2765	65	58	37	30
2766	65	58	30	23
2767	65	58	23	16
2768	65	58	16	9
2769	65	58	9	2
2770	64	57	50	43
2771	64	57	43	36
2772	64	57	36	29
2773	64	57	29	22
2774	64	57	22	15
2775	64	57	15	8
2776	64	57	8	1
